-9.875000000000000000e+01
-9.625000000000000000e+01
-9.375000000000000000e+01
-9.125000000000000000e+01
-8.875000000000000000e+01
-8.625000000000000000e+01
-8.375000000000000000e+01
-8.125000000000000000e+01
-7.875000000000000000e+01
-7.625000000000000000e+01
-7.375000000000000000e+01
-7.125000000000000000e+01
-6.875000000000000000e+01
-6.625000000000000000e+01
-6.375000000000000000e+01
-6.125000000000000000e+01
-5.875000000000000000e+01
-5.625000000000000000e+01
-5.375000000000000000e+01
-5.125000000000000000e+01
-4.875000000000000000e+01
-4.625000000000000000e+01
-4.375000000000000000e+01
-4.125000000000000000e+01
-3.875000000000000000e+01
-3.625000000000000000e+01
-3.375000000000000000e+01
-3.125000000000000000e+01
-2.875000000000000000e+01
-2.625000000000000000e+01
-2.375000000000000000e+01
-2.125000000000000000e+01
-1.875000000000000000e+01
-1.625000000000000000e+01
-1.375000000000000000e+01
-1.125000000000000000e+01
-8.750000000000000000e+00
-6.250000000000000000e+00
-3.750000000000000000e+00
-1.250000000000000000e+00
1.250000000000000000e+00
3.750000000000000000e+00
6.250000000000000000e+00
8.750000000000000000e+00
1.125000000000000000e+01
1.375000000000000000e+01
1.625000000000000000e+01
1.875000000000000000e+01
2.125000000000000000e+01
2.375000000000000000e+01
2.625000000000000000e+01
2.875000000000000000e+01
3.125000000000000000e+01
3.375000000000000000e+01
3.625000000000000000e+01
3.875000000000000000e+01
4.125000000000000000e+01
4.375000000000000000e+01
4.625000000000000000e+01
4.875000000000000000e+01
5.125000000000000000e+01
5.375000000000000000e+01
5.625000000000000000e+01
5.875000000000000000e+01
6.125000000000000000e+01
6.375000000000000000e+01
6.625000000000000000e+01
6.875000000000000000e+01
7.125000000000000000e+01
7.375000000000000000e+01
7.625000000000000000e+01
7.875000000000000000e+01
8.125000000000000000e+01
8.375000000000000000e+01
8.625000000000000000e+01
8.875000000000000000e+01
9.125000000000000000e+01
9.375000000000000000e+01
9.625000000000000000e+01
9.875000000000000000e+01
