#x_pos #P_tot_x #P_tot_y #P_tot_z #P_v2_x #P_v2_y #P_v2_z #P_obs_par_x #P_obs_par_y #P_obs_par_z #P_par_par_x #P_par_par_y #P_par_par_z #P_par_v2_x #P_par_v2_y #P_par_v2_z 
-9.750000000000000000e+01 8.715852834358486234e-01 7.904725056654023918e-01 7.883162473652743918e-01 8.717730113777201195e-01 7.905587621866924097e-01 7.885281631188392204e-01 0.000000000000000000e+00 0.000000000000000000e+00 0.000000000000000000e+00 -1.877279418714170956e-04 -8.625652129000723606e-05 -2.119157535650720975e-04 8.715852834358486234e-01 7.904725056654023918e-01 7.883162473652743918e-01
-9.500000000000000000e+01 8.762768470214807870e-01 8.137208975363806607e-01 8.238525999495297514e-01 8.764256508959024083e-01 8.138509095184499609e-01 8.240592404383312308e-01 0.000000000000000000e+00 0.000000000000000000e+00 0.000000000000000000e+00 -1.488038744215276765e-04 -1.300119820693386647e-04 -2.066404888015397582e-04 8.762768470214807870e-01 8.137208975363806607e-01 8.238525999495297514e-01
-9.250000000000000000e+01 8.978349433219663389e-01 8.375319809259332837e-01 8.495172999175970574e-01 8.980062895601816919e-01 8.375450649977923545e-01 8.495785195768582598e-01 0.000000000000000000e+00 0.000000000000000000e+00 0.000000000000000000e+00 -1.713462382153719979e-04 -1.308407185889487760e-05 -6.121965926135504541e-05 8.978349433219663389e-01 8.375319809259332837e-01 8.495172999175970574e-01
-9.000000000000000000e+01 9.189987768326363105e-01 8.718847681583167253e-01 8.895737304949208335e-01 9.191052845653370218e-01 8.719529739184062045e-01 8.896228271619223138e-01 0.000000000000000000e+00 0.000000000000000000e+00 0.000000000000000000e+00 -1.065077327006184955e-04 -6.820576008945851128e-05 -4.909666700153942151e-05 9.189987768326363105e-01 8.718847681583167253e-01 8.895737304949208335e-01
-8.750000000000000000e+01 9.147594551849335121e-01 8.778537086953251967e-01 9.111583318731897307e-01 9.167951539462992905e-01 8.783353130706542666e-01 9.114643021246271459e-01 0.000000000000000000e+00 0.000000000000000000e+00 0.000000000000000000e+00 -2.035698761365741568e-03 -4.816043753290219910e-04 -3.059702514373163068e-04 9.147594551849335121e-01 8.778537086953251967e-01 9.111583318731897307e-01
-8.500000000000000000e+01 9.292247804565914038e-01 8.878896333611482339e-01 8.998046471254007583e-01 9.285214002820700863e-01 8.876729872988291525e-01 8.982920705614155787e-01 0.000000000000000000e+00 0.000000000000000000e+00 0.000000000000000000e+00 7.033801745212744710e-04 2.166460623191294836e-04 1.512576563985148365e-03 9.292247804565914038e-01 8.878896333611482339e-01 8.998046471254007583e-01
-8.250000000000000000e+01 9.318768847121452481e-01 9.010392245634840647e-01 8.819071100405425634e-01 9.323495849285894366e-01 9.011127754854425520e-01 8.819482488945201704e-01 0.000000000000000000e+00 0.000000000000000000e+00 0.000000000000000000e+00 -4.727002164442514081e-04 -7.355092195861417448e-05 -4.113885397744552612e-05 9.318768847121452481e-01 9.010392245634840647e-01 8.819071100405425634e-01
-8.000000000000000000e+01 9.282105318329043619e-01 8.959432900312215287e-01 8.666098344742291237e-01 9.284933051522670233e-01 8.959944951230175425e-01 8.667522593567550393e-01 0.000000000000000000e+00 0.000000000000000000e+00 0.000000000000000000e+00 -2.827733193626281918e-04 -5.120509179598894354e-05 -1.424248825259367870e-04 9.282105318329043619e-01 8.959432900312215287e-01 8.666098344742291237e-01
-7.750000000000000000e+01 9.342502947212354414e-01 8.891574645553976808e-01 8.939302271184308424e-01 9.344169684620156069e-01 8.892309138805627455e-01 8.940749923333703997e-01 0.000000000000000000e+00 0.000000000000000000e+00 0.000000000000000000e+00 -1.666737407801531696e-04 -7.344932516502780521e-05 -1.447652149395799832e-04 9.342502947212354414e-01 8.891574645553976808e-01 8.939302271184308424e-01
-7.500000000000000000e+01 9.320953312755942965e-01 8.808993213582052562e-01 9.111925789226136274e-01 9.322536531701812734e-01 8.809665732995167753e-01 9.112757754570104396e-01 0.000000000000000000e+00 0.000000000000000000e+00 0.000000000000000000e+00 -1.583218945869847621e-04 -6.725194131159625301e-05 -8.319653439666295600e-05 9.320953312755942965e-01 8.808993213582052562e-01 9.111925789226136274e-01
-7.250000000000000000e+01 9.316502328423347246e-01 8.766813146951949465e-01 9.167737423071607994e-01 9.320101661483012334e-01 8.769916819600863667e-01 9.168760963523522323e-01 0.000000000000000000e+00 0.000000000000000000e+00 0.000000000000000000e+00 -3.599333059664442357e-04 -3.103672648912822810e-04 -1.023540451915088090e-04 9.316502328423347246e-01 8.766813146951949465e-01 9.167737423071607994e-01
-7.000000000000000000e+01 9.310523352684313414e-01 8.746905759610307252e-01 9.349024120898331569e-01 9.312916547317079408e-01 8.749109229610763094e-01 9.352450682559189099e-01 0.000000000000000000e+00 0.000000000000000000e+00 0.000000000000000000e+00 -2.393194632766773458e-04 -2.203470000453670267e-04 -3.426561660857210703e-04 9.310523352684313414e-01 8.746905759610307252e-01 9.349024120898331569e-01
-6.750000000000000000e+01 9.453054469823957140e-01 8.948722229208717627e-01 9.083181169798931753e-01 9.454403294479378772e-01 8.951270819564404180e-01 9.083986220345695584e-01 0.000000000000000000e+00 0.000000000000000000e+00 0.000000000000000000e+00 -1.348824655421881468e-04 -2.548590355687044696e-04 -8.050505467633412796e-05 9.453054469823957140e-01 8.948722229208717627e-01 9.083181169798931753e-01
-6.500000000000000000e+01 9.597538425880137725e-01 8.970098810734729033e-01 8.881303912949444213e-01 9.598566489305374594e-01 8.970537153846351863e-01 8.881964432960872680e-01 0.000000000000000000e+00 0.000000000000000000e+00 0.000000000000000000e+00 -1.028063425235719967e-04 -4.383431116235686113e-05 -6.605200114286913519e-05 9.597538425880137725e-01 8.970098810734729033e-01 8.881303912949444213e-01
-6.250000000000000000e+01 9.566586773428843449e-01 8.902767847108822297e-01 8.967537892355829099e-01 9.567624739940222556e-01 8.904263462983735833e-01 8.968806101228020689e-01 0.000000000000000000e+00 0.000000000000000000e+00 0.000000000000000000e+00 -1.037966511378954132e-04 -1.495615874912006394e-04 -1.268208872192761372e-04 9.566586773428843449e-01 8.902767847108822297e-01 8.967537892355829099e-01
-6.000000000000000000e+01 9.641566341215014324e-01 9.239334891490966761e-01 8.991937544102377444e-01 9.643620981284221072e-01 9.241369400597516659e-01 8.993648208066328253e-01 0.000000000000000000e+00 0.000000000000000000e+00 0.000000000000000000e+00 -2.054640069208022932e-04 -2.034509106550114535e-04 -1.710663963950923873e-04 9.641566341215014324e-01 9.239334891490966761e-01 8.991937544102377444e-01
-5.750000000000000000e+01 9.585480771747804107e-01 9.180640529547327011e-01 9.026679751719082212e-01 9.586713762022008867e-01 9.181573520701319380e-01 9.027594720115880156e-01 0.000000000000000000e+00 0.000000000000000000e+00 0.000000000000000000e+00 -1.232990274204382884e-04 -9.329911539915723272e-05 -9.149683967981852098e-05 9.585480771747804107e-01 9.180640529547327011e-01 9.026679751719082212e-01
-5.500000000000000000e+01 9.510201504615561907e-01 9.124572721484917048e-01 9.020494807964611894e-01 9.511443554775401710e-01 9.125843038242327232e-01 9.021184645944623215e-01 0.000000000000000000e+00 0.000000000000000000e+00 0.000000000000000000e+00 -1.242050159839831877e-04 -1.270316757408710253e-04 -6.898379800111699553e-05 9.510201504615561907e-01 9.124572721484917048e-01 9.020494807964611894e-01
-5.250000000000000000e+01 9.617389803933317216e-01 9.319477158056973520e-01 9.234399253146540199e-01 9.620251957276013677e-01 9.319576029144170937e-01 9.236276113828071344e-01 0.000000000000000000e+00 0.000000000000000000e+00 0.000000000000000000e+00 -2.862153342696323560e-04 -9.887108719693987364e-06 -1.876860681530705132e-04 9.617389803933317216e-01 9.319477158056973520e-01 9.234399253146540199e-01
-5.000000000000000000e+01 9.653064753620886895e-01 9.431193394584099776e-01 9.391213743792036217e-01 9.667401785062827990e-01 9.440343709516270110e-01 9.398084082635574932e-01 0.000000000000000000e+00 0.000000000000000000e+00 0.000000000000000000e+00 -1.433703144194229187e-03 -9.150314932170152587e-04 -6.870338843539635200e-04 9.653064753620886895e-01 9.431193394584099776e-01 9.391213743792036217e-01
-4.750000000000000000e+01 9.907048573836139127e-01 9.544241707809559827e-01 9.301278574544719069e-01 9.911250541575920003e-01 9.546415382219158863e-01 9.303455767241981533e-01 0.000000000000000000e+00 0.000000000000000000e+00 0.000000000000000000e+00 -4.201967739781558848e-04 -2.173674409600972069e-04 -2.177192697262392621e-04 9.907048573836139127e-01 9.544241707809559827e-01 9.301278574544719069e-01
-4.500000000000000000e+01 1.037372719519464637e+00 9.613072811100821236e-01 9.383123826323401806e-01 1.037566331968429401e+00 9.613623739787051647e-01 9.383809848088047190e-01 0.000000000000000000e+00 0.000000000000000000e+00 0.000000000000000000e+00 -1.936124489648493902e-04 -5.509286862300136716e-05 -6.860217646443467654e-05 1.037372719519464637e+00 9.613072811100821236e-01 9.383123826323401806e-01
-4.250000000000000000e+01 1.053724610163523367e+00 9.905929317909546450e-01 9.702422594000461586e-01 1.054015852671954745e+00 9.906943936422044628e-01 9.705371745911683945e-01 0.000000000000000000e+00 0.000000000000000000e+00 0.000000000000000000e+00 -2.912425084314452617e-04 -1.014618512495945457e-04 -2.949151911222555318e-04 1.053724610163523367e+00 9.905929317909546450e-01 9.702422594000461586e-01
-4.000000000000000000e+01 2.029563044596425225e+00 1.036558256600770500e+00 9.192097841069886144e-01 8.928157306706919760e-01 8.376356553410121419e-01 8.201106782946210316e-01 1.137150359795173982e+00 1.990343322905039347e-01 9.924723275388512567e-02 -4.030458694404676881e-04 -1.117310307453188255e-04 -1.481269415175932977e-04 8.924126848012514657e-01 8.375239243102666764e-01 8.199625513531034748e-01
-3.950000000000000000e+01 -1.659399878374730533e-02 5.331252241932825653e-01 4.745078502659658137e-01 8.575473209811815822e-01 8.132083620279900726e-01 7.994284649934705334e-01 -8.732543636017037203e-01 -2.798902745937691949e-01 -3.246618545267674349e-01 -8.869561632251003703e-04 -1.928632409382657713e-04 -2.587602007372035210e-04 8.566603648179563768e-01 8.130154987870517047e-01 7.991697047927331932e-01
-3.900000000000000000e+01 4.957218175711979313e-01 6.230273693159970039e-01 5.863932746113271754e-01 8.125255966460774859e-01 7.712837961445743185e-01 7.735899938985717483e-01 -3.231510190923585490e-01 -1.507099095438162173e-01 -1.925393115548063305e-01 6.347240017478876506e-03 2.453482715238938707e-03 5.342592267561805351e-03 8.188728366635564804e-01 7.737372788598131379e-01 7.789325861661334782e-01
-3.850000000000000000e+01 4.061009012007754659e-01 5.298040087357469563e-01 5.054948370993420648e-01 7.757711655164690745e-01 7.378745189192811305e-01 7.318492653575764395e-01 -3.719456461220140286e-01 -2.086170933161105856e-01 -2.274061334054479078e-01 2.275381806320453480e-03 5.465831325763337084e-04 1.051705147213419624e-03 7.780465473227895501e-01 7.384211020518575141e-01 7.329009705047898615e-01
-3.800000000000000000e+01 4.673212881434554156e-01 4.675630841222582212e-01 4.671113309207193809e-01 7.311500240771451331e-01 6.916714957033281985e-01 6.751891207388007743e-01 -2.636409198551206146e-01 -2.240127725683467297e-01 -2.079765513467248805e-01 -1.878160785690950697e-04 -9.563901272330078984e-05 -1.012384713565013923e-04 7.309622079985760301e-01 6.915758566906049509e-01 6.750878822674443169e-01
-3.750000000000000000e+01 4.915331022385235893e-01 5.125773897985718142e-01 4.696416625772534270e-01 7.201238254830822916e-01 6.779996356888936537e-01 6.590973158110596808e-01 -2.284312684322488407e-01 -1.650534725535791891e-01 -1.893398435307829253e-01 -1.594548123098548872e-04 -3.687733367426797759e-04 -1.158097030234035864e-04 7.199643706707724577e-01 6.776308623521510865e-01 6.589815061080362968e-01
-3.700000000000000000e+01 3.919504994526743502e-01 3.915298851829581150e-01 3.719495904452014834e-01 7.282744073389171291e-01 6.731215978179516668e-01 6.642257883439399713e-01 -3.361393538058132791e-01 -2.811908848046538179e-01 -2.921736706496845248e-01 -1.845540804294001956e-04 -4.008278303396228272e-04 -1.025272490539058380e-04 7.280898532584876293e-01 6.727207699876119884e-01 6.641232610948860637e-01
-3.650000000000000000e+01 3.634153814707204444e-01 3.368958503901899326e-01 4.256883099258020331e-01 7.233982763981873232e-01 6.682942184913273076e-01 6.608934900599229278e-01 -3.598613380404847573e-01 -3.313257170853825540e-01 -2.351441588544803951e-01 -1.215568869821129742e-04 -7.265101575482369432e-05 -6.102127964040447808e-05 7.232767195112052017e-01 6.682215674755723755e-01 6.608324687802824560e-01
-3.600000000000000000e+01 4.070395895150206722e-01 4.525642565207710355e-01 4.722786019869769092e-01 7.417724511998624592e-01 6.786132554382229287e-01 6.764505595116429015e-01 -3.342973159880937573e-01 -2.258374296752301280e-01 -2.040807266716857526e-01 -4.355456967481044343e-04 -2.115692422217072303e-04 -9.123085298038008677e-05 7.413369055031143739e-01 6.784016861960010525e-01 6.763593286586626618e-01
-3.550000000000000000e+01 4.430817293905549015e-01 4.096636969128067407e-01 4.292461409418169560e-01 7.357380809115382503e-01 6.611378983840652257e-01 6.725580953549513685e-01 -2.924309745165454277e-01 -2.514332717399372918e-01 -2.432309131586559425e-01 -2.253770044378817507e-04 -4.092973132117667251e-05 -8.104125447848716391e-05 7.355127039071004402e-01 6.610969686527440325e-01 6.724770541004728708e-01
-3.500000000000000000e+01 4.766980828970280304e-01 4.514620659141666548e-01 4.347438021856170898e-01 7.419918243766786548e-01 6.633418201390877122e-01 6.786872948724199661e-01 -2.650312875752098840e-01 -2.118426887633921563e-01 -2.438493224114895164e-01 -2.624539044406815308e-04 -3.706546152898444166e-05 -9.417027531338543979e-05 7.417293704722379699e-01 6.633047546775587833e-01 6.785931245971066339e-01
-3.450000000000000000e+01 4.424942947657086179e-01 3.980791841865243819e-01 4.261376637012141422e-01 7.548224410686136254e-01 6.596893419231758537e-01 6.758097456409265513e-01 -3.115710090274410038e-01 -2.610888597732377026e-01 -2.493962412778173710e-01 -7.571372754640986460e-04 -5.212979634137760495e-04 -2.758406618951674883e-04 7.540653037931495106e-01 6.591680439597621399e-01 6.755339049790314299e-01
-3.400000000000000000e+01 4.576958696899729451e-01 4.780026937902668860e-01 4.796097800489101393e-01 7.676137501731945534e-01 6.637303877269989938e-01 6.686434666918450453e-01 -3.086114915017529881e-01 -1.843695931793712939e-01 -1.887616593601753323e-01 -1.306388981468621993e-03 -1.358100757360783352e-03 -2.720272827595141430e-04 7.663073611917260441e-01 6.623722869696382354e-01 6.683714394090856104e-01
-3.350000000000000000e+01 5.032740030796287733e-01 4.715555376136679189e-01 5.292416121045572241e-01 7.800771051499552078e-01 6.690148484618712033e-01 6.774044058160361148e-01 -2.762990283348509268e-01 -1.966050720623346848e-01 -1.479460946076149863e-01 -5.040737354754400547e-04 -8.542387858684906193e-04 -2.166991038639147493e-04 7.795730314144796447e-01 6.681606096760025482e-01 6.771877067121722105e-01
-3.300000000000000000e+01 4.889643970901385583e-01 4.083118448808482626e-01 4.499649444745208449e-01 7.794671096543833722e-01 6.685653792182386645e-01 6.830927640620614305e-01 -2.945906244747495961e-01 -2.607123576912349083e-01 -2.365818931564825645e-01 4.087911910504762360e-03 4.588233538444894295e-04 3.454073568941989220e-03 7.835550215648882100e-01 6.690242025720830599e-01 6.865468376310035481e-01
-3.250000000000000000e+01 5.297114719498493551e-01 4.221719701653425250e-01 5.016863777884471576e-01 7.831487111209787244e-01 6.602477584724637527e-01 6.776891655046221041e-01 -2.535608521470993360e-01 -2.390968263190006160e-01 -1.762130950362258697e-01 1.236129759699867612e-04 1.021038011879416224e-03 2.103073200508924631e-04 7.832723240969486911e-01 6.612687964843431132e-01 6.778994728246731105e-01
-3.200000000000000000e+01 4.974651122943173909e-01 4.368951899333983202e-01 4.085152986720528290e-01 7.846419240467857881e-01 6.699138768412084000e-01 6.755671123183479843e-01 -2.870535047104441073e-01 -2.329645950523001330e-01 -2.669682399034811748e-01 -1.233070420242024132e-04 -5.409185550995479659e-05 -8.357374281393253684e-05 7.845186170047613317e-01 6.698597849856983144e-01 6.754835385755338928e-01
-3.150000000000000000e+01 4.641091063259797367e-01 4.427773670040930365e-01 4.540799835473762758e-01 7.828703582188643040e-01 6.753045542223817810e-01 6.750134703240976419e-01 -3.197584762743611031e-01 -2.359762712781089400e-01 -2.215288746848292079e-01 9.972243814765780878e-04 3.449084059820170783e-03 5.953879081078810578e-04 7.838675826003408398e-01 6.787536382822020320e-01 6.756088582322054004e-01
-3.100000000000000000e+01 4.979965440388610110e-01 4.461407610012813052e-01 5.050516237664313124e-01 7.710665306567813237e-01 6.765070129539454413e-01 6.739662843733521536e-01 -2.729192258203408383e-01 -2.303298000372260290e-01 -1.688793533836292216e-01 -1.507607975793581626e-04 -3.645191543821665940e-05 -3.530722329168852386e-05 7.709157698592017383e-01 6.764705610385073342e-01 6.739309771500604507e-01
-3.050000000000000000e+01 5.017553573880654261e-01 4.985637387147470179e-01 4.420315671811912428e-01 7.696204517362407183e-01 6.877538609793476532e-01 6.752018069506534603e-01 -2.676611920153149082e-01 -1.891390523653817546e-01 -2.331380991485594301e-01 -2.039023328604040351e-04 -5.106989921888563383e-05 -3.214062090282989072e-05 7.694165494033803343e-01 6.877027910801287724e-01 6.751696663297507284e-01
-3.000000000000000000e+01 5.137522843642541304e-01 5.116788386231081454e-01 4.383594205338605665e-01 7.722333318814106340e-01 6.914102228281956419e-01 6.715419109438465206e-01 -2.583442597709738053e-01 -1.796905927947107795e-01 -2.331529695056280271e-01 -1.367877461827698190e-04 -4.079141037670997285e-05 -2.952090435797799202e-05 7.720965441352278802e-01 6.913694314178188138e-01 6.715123900394885936e-01
-2.950000000000000000e+01 5.056234524368672378e-01 4.630515576812931910e-01 4.296499648961448758e-01 7.747513640544667624e-01 6.854691720115940745e-01 6.639683245937811895e-01 -2.688398031563700719e-01 -2.223404210848049789e-01 -2.342102879807032301e-01 -2.881084612294962464e-04 -7.719324549591038867e-05 -1.080717169330372451e-04 7.744632555932372542e-01 6.853919787660981422e-01 6.638602528768481337e-01
-2.900000000000000000e+01 4.555239262626654129e-01 4.524539074132141736e-01 4.414062071242426666e-01 7.706806289159843226e-01 6.852138988739037151e-01 6.677379611986831165e-01 -3.144457574880639150e-01 -2.326810310906864965e-01 -2.257133024398542409e-01 -7.109451652550280226e-04 -7.896037000301915241e-05 -6.184516345863125394e-04 7.699696837507293834e-01 6.851349385039008366e-01 6.671195095640968242e-01
-2.850000000000000000e+01 4.941276939795228862e-01 4.902885091339494461e-01 4.831111021018585361e-01 7.663358889146917319e-01 6.850693758048856941e-01 6.648766978368638725e-01 -2.714972497699139065e-01 -1.947019063009332307e-01 -1.811471441004190164e-01 -7.109451652550280226e-04 -7.896037000301915241e-05 -6.184516345863125394e-04 7.656249437494366816e-01 6.849904154348828156e-01 6.642582462022775802e-01
-2.800000000000000000e+01 5.252440594294676135e-01 4.962728227197948372e-01 4.618915628024450881e-01 7.701460349358552060e-01 6.801502815883998521e-01 6.568730072049538959e-01 -2.445459314346996038e-01 -1.838250691932014902e-01 -1.946932954933909554e-01 -3.560440716880002303e-04 -5.238967540346692846e-05 -2.881489091177733648e-04 7.697899908641671063e-01 6.800978919129964106e-01 6.565848582958361268e-01
-2.750000000000000000e+01 5.255737581803222591e-01 4.531873661299043454e-01 5.081883746085571474e-01 7.738819853560121587e-01 6.884456790320111486e-01 6.649950862301546861e-01 -2.481246231406737390e-01 -2.351071371831361390e-01 -1.566580977723866508e-01 -1.836040350160825891e-04 -1.511757189706542000e-04 -1.486138492107500549e-04 7.736983813209959981e-01 6.882945033130405399e-01 6.648464723809438537e-01
-2.700000000000000000e+01 4.657627081989961226e-01 4.278193102624982536e-01 4.453754586517370551e-01 7.637941220002170128e-01 6.825017176826286835e-01 6.605225504657811220e-01 -2.977238075707550613e-01 -2.545134744214375133e-01 -2.149307117746695195e-01 -3.076062304659078414e-04 -1.689329986928007682e-04 -2.163800393744652346e-04 7.634865157697511284e-01 6.823327846839357669e-01 6.603061704264064913e-01
-2.650000000000000000e+01 4.569219627070242873e-01 4.859011862805235893e-01 4.217783155531816264e-01 7.627289644891751541e-01 6.807322172157239670e-01 6.655334263552067364e-01 -3.055732919802899294e-01 -1.946945558149923983e-01 -2.435658743068754573e-01 -2.337098018608793398e-04 -1.364751202079645916e-04 -1.892364951496324930e-04 7.624952546873142722e-01 6.805957420955159876e-01 6.653441898600570559e-01
-2.600000000000000000e+01 4.995405951457302929e-01 4.879281639606471432e-01 5.157654443526934473e-01 7.659503609665730961e-01 6.751583682751741700e-01 6.647411209523635955e-01 -2.667405832147444755e-01 -1.878695896455409298e-01 -1.508134381527287404e-01 3.308173939016662360e-04 6.393853310138706289e-04 1.837761553058575104e-03 7.662811783604746019e-01 6.757977536061879897e-01 6.665788825054222988e-01
-2.550000000000000000e+01 4.960875649786742336e-01 4.439922520162694064e-01 4.514036128461696440e-01 7.718093955783930094e-01 6.705862475798500810e-01 6.684501032124253728e-01 -2.742000214799896196e-01 -2.259443271053670765e-01 -2.162963918019513709e-01 -1.521809119729102553e-03 -6.496684582134657068e-04 -7.500985643042974499e-04 7.702875864586640198e-01 6.699365791216366217e-01 6.677000046481209594e-01
-2.500000000000000000e+01 5.964063230655924919e-01 5.290356218739585836e-01 4.898482182429411691e-01 7.731739444750264090e-01 6.684270186106661127e-01 6.635450452289721746e-01 -1.761317899249907060e-01 -1.393331434269921565e-01 -1.732740830708200674e-01 -6.358314844429859480e-04 -5.825330971528556941e-05 -4.227439152108938337e-04 7.725381129905831701e-01 6.683687653009506846e-01 6.631223013137612643e-01
-2.450000000000000000e+01 4.839363793618303156e-01 4.459470766151640286e-01 4.296234886607382397e-01 7.670984579677302406e-01 6.700262727646563166e-01 6.715983703550557626e-01 -2.830443207959204011e-01 -2.240598147418337849e-01 -2.419409827575863259e-01 -1.177578099794417718e-04 -1.938140765854047911e-05 -3.389893673123490375e-05 7.669807001577507721e-01 6.700068913569978690e-01 6.715644714183245378e-01
-2.400000000000000000e+01 4.648616785593166489e-01 4.601915059127008600e-01 4.286097356110727397e-01 7.691256547628163576e-01 6.701486927766634460e-01 6.661808735896229683e-01 -3.036959251684600569e-01 -2.097808088681164251e-01 -2.372722187683561634e-01 -5.680510350396375053e-04 -1.763779958462743892e-04 -2.989192101939380764e-04 7.685576037277765948e-01 6.699723147808173129e-01 6.658819543794289864e-01
-2.350000000000000000e+01 4.636793789048369585e-01 4.338498701191411677e-01 4.617782753712706412e-01 7.704719902072914017e-01 6.705674994745023376e-01 6.695188523862038998e-01 -3.064358590526642945e-01 -2.365598072849194600e-01 -2.075226295823973388e-01 -3.567522497901768805e-04 -1.578220704416648246e-04 -2.179474325358749746e-04 7.701152379575012530e-01 6.704096774040606554e-01 6.693009049536678967e-01
-2.300000000000000000e+01 5.233019819698753183e-01 4.470837965209764064e-01 4.927053540120600039e-01 7.652643562971395141e-01 6.703205064292866444e-01 6.752492458637265882e-01 -2.416056220774739083e-01 -2.230788878378685558e-01 -1.823259444191307477e-01 -3.567522497901768805e-04 -1.578220704416648246e-04 -2.179474325358749746e-04 7.649076040473493654e-01 6.701626843588449622e-01 6.750312984311906961e-01
-2.250000000000000000e+01 5.251979405823097302e-01 4.783001181357633413e-01 4.525180983872380547e-01 7.695082284085269508e-01 6.719485783484419050e-01 6.777704479942233684e-01 -2.434736846744915140e-01 -1.923000950393353170e-01 -2.243890208462041846e-01 -8.366031517258082405e-04 -1.348365173343116360e-03 -8.633287607811278861e-04 7.686716252568012164e-01 6.706002131750987694e-01 6.769071192334421561e-01
-2.200000000000000000e+01 5.184195328305082340e-01 4.754537722934428778e-01 4.825808570829666078e-01 7.756461305016273400e-01 6.742166597568047814e-01 6.764358384553107451e-01 -2.569214676122244523e-01 -1.987261377073617774e-01 -1.936881002367733806e-01 -3.051300588946693885e-04 -3.674975600011847420e-05 -1.668811355707332863e-04 7.753410004427326863e-01 6.741799100008046830e-01 6.762689573197399051e-01
-2.150000000000000000e+01 4.826694118078352358e-01 4.181610827011998377e-01 4.802689554810672390e-01 7.874303008048747499e-01 6.781060533071622265e-01 6.802180744425753156e-01 -3.040104201381416127e-01 -2.598115383585191673e-01 -1.995050514757492899e-01 -7.504688588979014892e-04 -1.334322474431308241e-04 -4.440674857588225726e-04 7.866798319459769040e-01 6.779726210597188940e-01 6.797740069568165566e-01
-2.100000000000000000e+01 4.875386788604205712e-01 4.816004816880274930e-01 4.742646688472798577e-01 7.876221998980431627e-01 6.713937480957876680e-01 6.822744566555204448e-01 -2.998713514070089903e-01 -1.896441218100386183e-01 -2.079366826559441994e-01 -2.121696306136500924e-04 -1.491445977216343207e-04 -7.310515229648350155e-05 7.874100302674295060e-01 6.712446034980660281e-01 6.822013515032239184e-01
-2.050000000000000000e+01 5.135570646600461364e-01 4.740709227246102109e-01 4.271365836548479678e-01 7.832997754489406939e-01 6.744161265002032168e-01 6.772433803261340701e-01 -2.695531132528696805e-01 -2.001815055675214838e-01 -2.499908561849900346e-01 -1.895975360248615491e-04 -1.636982080715740394e-04 -1.159404862960556883e-04 7.831101779129158169e-01 6.742524282921316114e-01 6.771274398398380301e-01
-2.000000000000000000e+01 5.020087730493014710e-01 4.353790918405564536e-01 4.793800379884767260e-01 7.776473094256474150e-01 6.755963928447493716e-01 6.836477017942416134e-01 -2.747902366100293814e-01 -2.396662025893847858e-01 -2.034601880871506341e-01 -8.482997663166752132e-04 -5.510984148081793160e-04 -8.074757186141393213e-04 7.767990096593307969e-01 6.750452944299413227e-01 6.828402260756275544e-01
-1.950000000000000000e+01 5.223688041901554113e-01 4.775735269928223503e-01 5.049519100540071914e-01 7.790992026945867677e-01 6.794842399373237640e-01 6.803735869136837700e-01 -2.563093542914100520e-01 -2.016284706744675692e-01 -1.752412490947908852e-01 -4.210442130212942104e-04 -2.822422700338889524e-04 -1.804277648856995495e-04 7.786781584815655188e-01 6.792019976672900583e-01 6.801931591487980766e-01
-1.900000000000000000e+01 4.701072964972051182e-01 4.596141196730528233e-01 4.279550053951344246e-01 7.823555953681373687e-01 6.737155261796904382e-01 6.805509839044669995e-01 -3.119650407998486585e-01 -2.140433914496021883e-01 -2.525024236777338449e-01 -2.832580710835821535e-04 -5.801505703538802208e-05 -9.355483159875576478e-05 7.820723372970537213e-01 6.736575111226549284e-01 6.804574290728683250e-01
-1.850000000000000000e+01 4.799887167414414457e-01 4.730989914537937491e-01 4.636788850729333666e-01 7.798506578913073639e-01 6.744269265822362414e-01 6.790232632892373443e-01 -2.996290065431043148e-01 -2.012062731177330088e-01 -2.151939762182570604e-01 -2.329346067616039492e-04 -1.216620107093474595e-04 -1.504019980469110788e-04 7.796177232845457050e-01 6.743052645715268412e-01 6.788728612911903992e-01
-1.800000000000000000e+01 5.784699878187421485e-01 5.348827758394486542e-01 4.917015395044361803e-01 7.744587813661597542e-01 6.794153075607570758e-01 6.818582499357476179e-01 -1.958910649720990715e-01 -1.444691310861507538e-01 -1.900763731691856584e-01 -9.772857531863832084e-05 -6.340063515767463409e-05 -8.033726212574634747e-05 7.743610527908412200e-01 6.793519069255994358e-01 6.817779126736218664e-01
-1.750000000000000000e+01 4.885338534402787203e-01 4.143962517219095809e-01 4.452156780287893079e-01 7.730981681592167254e-01 6.768763792598245788e-01 6.836868336786926514e-01 -2.844665861436193599e-01 -2.624167269027573579e-01 -2.383908183877776477e-01 -9.772857531863832084e-05 -6.340063515767463409e-05 -8.033726212574634747e-05 7.730004395838981912e-01 6.768129786246669388e-01 6.836064964165670110e-01
-1.700000000000000000e+01 5.006996553986916565e-01 4.157797903728940869e-01 4.706441543543527506e-01 7.720328362532766775e-01 6.777229178506924967e-01 6.861208085849904714e-01 -2.710681678377309112e-01 -2.616800280944073243e-01 -2.152707799569268943e-01 -2.650130168540476496e-04 -2.630993833911334932e-04 -2.058742737108117072e-04 7.717678232364226787e-01 6.774598184673013002e-01 6.859149343112797004e-01
-1.650000000000000000e+01 4.667587240170276708e-01 4.855667231269510942e-01 4.690158119036589857e-01 7.652713605533906227e-01 6.802223684524807412e-01 6.850080835471404894e-01 -2.983523281834929985e-01 -1.946148460513078826e-01 -2.159566918902973143e-01 -1.603083528698573141e-04 -4.079927422176112982e-05 -3.557975318406759731e-05 7.651110522005207804e-01 6.801815691782590045e-01 6.849725037939563554e-01
-1.600000000000000000e+01 4.840455263450664236e-01 4.973848081261696419e-01 4.770006779054062895e-01 7.713380754532513928e-01 6.867197867185209637e-01 6.835533570059316721e-01 -2.866380305846900067e-01 -1.890853398905970317e-01 -2.064180620807514188e-01 -6.545185234950462319e-04 -2.496387017541706129e-04 -1.346170197739863107e-04 7.706835569297564303e-01 6.864701480167667569e-01 6.834187399861576528e-01
-1.550000000000000000e+01 5.304398079372324437e-01 4.727659855730595440e-01 5.289841799711682002e-01 7.750848389678927086e-01 6.937800559835974878e-01 6.915879154652700977e-01 -2.441120309315016612e-01 -2.207030566493278501e-01 -1.624675324608964022e-01 -5.330000991585086062e-04 -3.110137612100162020e-04 -1.362030332055880156e-04 7.745518388687342437e-01 6.934690422223873663e-01 6.914517124320646024e-01
-1.500000000000000000e+01 5.290626024766740265e-01 4.590024362970198113e-01 4.713360141004535042e-01 7.824355214164762096e-01 6.876886770779006008e-01 6.823916177084968782e-01 -2.526772411255547857e-01 -2.275217001597092670e-01 -2.103007651824957414e-01 -6.956778142472940614e-04 -1.164540621171658531e-03 -7.548384255476225024e-04 7.817398436022288122e-01 6.865241364567290505e-01 6.816367792829493011e-01
-1.450000000000000000e+01 5.076372028189485297e-01 4.673788272005015565e-01 4.377566356384441915e-01 7.837332585924295936e-01 6.890331686924037191e-01 6.861866630148534263e-01 -2.759231332702082873e-01 -2.216372645122779428e-01 -2.483912339495190358e-01 -1.729225032728892329e-04 -1.707697962426778346e-05 -3.879342689020469674e-05 7.835603360891566505e-01 6.890160917127795548e-01 6.861478695879631440e-01
-1.400000000000000000e+01 4.831424733190062271e-01 5.191841468536716464e-01 4.711472127603494875e-01 7.739952865560683071e-01 7.033900592922465167e-01 6.868534531952782407e-01 -2.906633427595639030e-01 -1.841969188966774418e-01 -2.156720882246446480e-01 -1.894704774980847330e-04 -8.993541897436576235e-06 -3.415221028413521206e-05 7.738058160785700190e-01 7.033810657503490882e-01 6.868193009849941078e-01
-1.350000000000000000e+01 4.811645587030188298e-01 4.666641942929450337e-01 5.025393306265267812e-01 7.786252251241352340e-01 7.013355892727072272e-01 6.809057796892563630e-01 -2.973006494101563812e-01 -2.346071466053967491e-01 -1.783193458255466490e-01 -1.600170109600277627e-04 -6.424837436541265133e-05 -4.710323718291915812e-05 7.784652081131753221e-01 7.012713408983417551e-01 6.808586764520735413e-01
-1.300000000000000000e+01 5.129482913854562787e-01 4.848790487597864352e-01 4.576359377293182651e-01 7.863482430270579693e-01 7.047572908259356339e-01 6.799869352185440308e-01 -2.731918392716012334e-01 -2.197758198580930245e-01 -2.222306415800853197e-01 -2.081123700005381178e-04 -1.024222080561462618e-04 -1.203559091403787928e-04 7.861401306570575676e-01 7.046548686178795151e-01 6.798665793094036403e-01
-1.250000000000000000e+01 4.741617372150093712e-01 4.279222991520368335e-01 4.265400349568471694e-01 7.839616822178325783e-01 7.068645392238117608e-01 6.752346611710082769e-01 -3.095918326328225834e-01 -2.788398178637187530e-01 -2.485742703050207447e-01 -2.081123700005381178e-04 -1.024222080561462618e-04 -1.203559091403787928e-04 7.837535698478319546e-01 7.067621170157556421e-01 6.751143052618679974e-01
-1.200000000000000000e+01 5.726194865339239159e-01 5.081106076965949958e-01 5.196107550782830264e-01 7.923397829481574339e-01 7.060964158789708733e-01 6.806344992429674834e-01 -2.195121840442328942e-01 -1.978833859743197310e-01 -1.609033882555442607e-01 -2.081123700005381178e-04 -1.024222080561462618e-04 -1.203559091403787928e-04 7.921316705781568102e-01 7.059939936709147545e-01 6.805141433338272039e-01
-1.150000000000000000e+01 4.917312569345801410e-01 5.130526605318986855e-01 4.778730435383783948e-01 7.879969220690031806e-01 7.015927464488090903e-01 6.744496048599081250e-01 -2.959693490726727494e-01 -1.884804821996599600e-01 -1.965198400001098855e-01 -2.963160617504427856e-04 -5.960371725033410242e-05 -5.672132141989951349e-05 7.877006060072528904e-01 7.015331427315586454e-01 6.743928835384881415e-01
-1.100000000000000000e+01 4.738237800572029923e-01 4.600914063254828990e-01 4.359818236385153423e-01 7.775666285238745923e-01 7.066063360562425677e-01 6.691080227851520235e-01 -3.031968267495776526e-01 -2.462142384408574081e-01 -2.329177863512939817e-01 -5.460217170940638663e-04 -3.006912899022005643e-04 -2.084127953427733807e-04 7.770206068067806449e-01 7.063056447663403903e-01 6.688996099898093517e-01
-1.050000000000000000e+01 5.155014637959897117e-01 5.058565535307337768e-01 4.524785338299738835e-01 7.783044900959023016e-01 7.102837711073490823e-01 6.695141830011154260e-01 -2.624116872239608544e-01 -2.041826824431272891e-01 -2.169384937017889980e-01 -3.913390759518746063e-04 -2.445351334880288335e-04 -9.715546935257240611e-05 7.779131510199505106e-01 7.100392359738609827e-01 6.694170275317627983e-01
-1.000000000000000000e+01 5.704181281712558116e-01 5.649824738565448756e-01 4.638125085944759252e-01 7.759473465520235758e-01 7.171708379005679035e-01 6.810140424196277076e-01 -2.051506113313631141e-01 -1.519364641063935262e-01 -2.170940423514723661e-01 -3.786070494047725252e-04 -2.518999376294745319e-04 -1.074914736794755580e-04 7.755687395026189535e-01 7.169189379629384851e-01 6.809065509459483190e-01
-9.500000000000000000e+00 5.207543478696371464e-01 5.209734703253766641e-01 4.402551297310207112e-01 7.731329715989434526e-01 7.136917412782556314e-01 6.837992410333022519e-01 -2.515537599293407034e-01 -1.924927425352980226e-01 -2.434154128218470881e-01 -8.248637999654987981e-04 -2.255284175808733218e-04 -1.286984804343772925e-04 7.723081077989778498e-01 7.134662128606747977e-01 6.836705425528678548e-01
-9.000000000000000000e+00 4.602173709383142186e-01 4.726408649276296892e-01 4.158728043858715417e-01 7.738091442639913886e-01 7.125888725212391472e-01 6.969610999233893933e-01 -3.127967237093824404e-01 -2.397639739762397193e-01 -2.810250344185608040e-01 -7.950496162947333833e-04 -1.840336173697085286e-04 -6.326111895694438200e-05 7.730140946476966590e-01 7.124048389038694085e-01 6.968978388044324568e-01
-8.500000000000000000e+00 4.984587477133685662e-01 5.622531775241271790e-01 5.059298493882984360e-01 7.704747554423668765e-01 7.195971749380518645e-01 7.050368837754001916e-01 -2.718357616676346233e-01 -1.573181093568297995e-01 -1.990148543724053198e-01 -1.802460613636039041e-04 -2.588805709484162120e-05 -9.218001469647519903e-05 7.702945093810033006e-01 7.195712868809569507e-01 7.049447037607037281e-01
-8.000000000000000000e+00 5.292832867575630873e-01 5.210540825294583955e-01 5.398915075367888283e-01 7.699636233316091705e-01 7.131604152488781878e-01 7.102379862280141509e-01 -2.405535857750527862e-01 -1.920621529505024683e-01 -1.702628812816175674e-01 -1.267507989932195589e-04 -4.417976891719173002e-05 -8.359740960783250809e-05 7.698368725326160122e-01 7.131162354799608361e-01 7.101543888184064235e-01
-7.500000000000000000e+00 5.371825312844037414e-01 4.702081610594109340e-01 5.732237652171637832e-01 7.668675222501534217e-01 7.141907150149134909e-01 7.110799061723245273e-01 -2.295843374603175058e-01 -2.439526863611751473e-01 -1.377372264365434862e-01 -1.006535054321342154e-04 -2.986759432754501360e-05 -1.189145186171255698e-04 7.667668687447212195e-01 7.141608474205861645e-01 7.109609916537072971e-01
-7.000000000000000000e+00 5.003206539951478016e-01 5.089832065594562804e-01 5.128865306651649858e-01 7.540268307480091359e-01 7.176377539757653468e-01 7.059402620992608623e-01 -2.535861384203377256e-01 -2.084846105603495037e-01 -1.928255390331580221e-01 -1.200383325236278870e-04 -1.699368559596318214e-04 -2.281924009377588774e-04 7.539067924154855271e-01 7.174678171198057841e-01 7.057120696983228969e-01
-6.500000000000000000e+00 4.492187779894691313e-01 4.994320549751434801e-01 4.761908151529859468e-01 7.617870313353879430e-01 7.196099177116517254e-01 7.138137591502479173e-01 -3.119857224856510958e-01 -2.193908329814145963e-01 -2.375019308026500575e-01 -5.825308602676959949e-04 -7.870297550936344996e-04 -1.210131946118091998e-04 7.612045004751202271e-01 7.188228879565580209e-01 7.136927459556360320e-01
-6.000000000000000000e+00 5.328928180260658065e-01 5.438880111062833755e-01 5.052713980870955357e-01 7.693070170437076305e-01 7.154762462090936692e-01 7.108515381788134135e-01 -2.581732375584291916e-01 -1.719622690940253440e-01 -2.203078226485667701e-01 2.175903854078747521e-02 3.740339912150405090e-04 1.472768255684890094e-02 7.910660555844950537e-01 7.158502802003087195e-01 7.255792207356622781e-01
-5.500000000000000000e+00 5.305390297416326950e-01 5.294576355761989594e-01 5.111579881782625234e-01 7.702023607551581330e-01 7.099950078920241880e-01 7.135042980662027468e-01 -2.395293134409269553e-01 -1.805104879240983229e-01 -2.021657557500104174e-01 -1.340175725986592710e-04 -2.688439172682935145e-05 -1.805541379299147834e-04 7.700683431825595671e-01 7.099681235002973656e-01 7.133237439282728021e-01
-5.000000000000000000e+00 5.090107797588393490e-01 5.114828835533672402e-01 4.440585152432452443e-01 7.716900632654121184e-01 7.057020967099454367e-01 7.040313893763663344e-01 -2.615456794647266769e-01 -1.937840730622485130e-01 -2.597712456445311902e-01 -1.133604041846175692e-03 -4.351400943296683012e-04 -2.016284885898976000e-04 7.705564592235659704e-01 7.052669566156156700e-01 7.038297608877764899e-01
-4.500000000000000000e+00 4.788214353826851233e-01 4.618202764473031685e-01 4.644774968670080662e-01 7.756564965615476703e-01 7.046704559039840277e-01 6.931105637246074425e-01 -2.952706187319780184e-01 -2.423966331868609714e-01 -2.280159553905992398e-01 -1.564442446884654154e-03 -4.535462698199125447e-04 -6.171114670000691976e-04 7.740920541146630862e-01 7.042169096341641676e-01 6.924934522576072782e-01
-4.000000000000000000e+00 5.124877771892401013e-01 5.597111140645926186e-01 5.403221389992934887e-01 7.781261693004127844e-01 6.926935565095254654e-01 6.866075157164198695e-01 -2.646570142212440468e-01 -1.325701698848467391e-01 -1.455409851453469683e-01 -9.813778899287449193e-04 -4.122725600861396164e-04 -7.443915717795657064e-04 7.771447914104840926e-01 6.922812839494393300e-01 6.858631241446403459e-01
-3.500000000000000000e+00 5.384734710330466578e-01 5.353570796014345268e-01 5.310449078626598984e-01 7.883495277079659580e-01 6.887736792249580242e-01 6.813069472999678799e-01 -2.493118096570424436e-01 -1.531022989411317259e-01 -1.490872398197603255e-01 -5.642470178768283070e-04 -3.143006823918465301e-04 -1.174799617547622440e-03 7.877852806900890181e-01 6.884593785425662249e-01 6.801321476824203627e-01
-3.000000000000000000e+00 5.611421531872650137e-01 5.052343117303513820e-01 4.910488481085879542e-01 7.983475024532058484e-01 6.970814559147764378e-01 6.760229102908329457e-01 -2.370199909770828450e-01 -1.918194588493165875e-01 -1.848914002177738380e-01 -1.853582888579133336e-04 -2.768533510856362309e-05 -8.266196447100037888e-05 7.981621441643479420e-01 6.970537705796678862e-01 6.759402483263617922e-01
-2.500000000000000000e+00 5.545157328727633450e-01 4.720279204519418070e-01 4.718118036215915301e-01 8.006599315716087517e-01 6.959166906546533360e-01 6.742877568277879652e-01 -2.460028013797522506e-01 -2.238532878512567714e-01 -2.024316647627089905e-01 -1.413973190932128461e-04 -3.548235145475599428e-05 -4.428844348748692798e-05 8.005185342525155123e-01 6.958812083031986617e-01 6.742434683843004928e-01
-2.000000000000000000e+00 5.782971460955156351e-01 5.412384255821062196e-01 4.609032728773048149e-01 8.010053654606709150e-01 6.948326157489556065e-01 6.771939371613565628e-01 -2.226165834350468942e-01 -1.535763331895025896e-01 -2.161988144489749297e-01 -9.163593010844534026e-05 -1.785697734668271710e-05 -9.184983507685641382e-05 8.009137295305626125e-01 6.948147587716088092e-01 6.771020873262797446e-01
-1.500000000000000000e+00 4.983673577102361030e-01 4.921501621569419060e-01 4.547372887136977293e-01 8.045327674415588826e-01 6.909019848600085334e-01 6.646527331903856473e-01 -3.062668910220864849e-01 -1.986103619651941044e-01 -2.082548702794011219e-01 1.014812907635878890e-04 -1.414607378725122949e-04 -1.660574197286797523e-03 8.046342487323224768e-01 6.907605241221359549e-01 6.629921589930988235e-01
-1.000000000000000000e+00 5.568362547836794851e-01 4.908727659815224631e-01 5.429401525099318837e-01 7.950716992887151280e-01 6.943854734216176050e-01 6.742034086283665850e-01 -2.383369257957993759e-01 -2.033712467022227022e-01 -1.296026819211478776e-01 1.014812907635878890e-04 -1.414607378725122949e-04 -1.660574197286797523e-03 7.951731805794787222e-01 6.942440126837451375e-01 6.725428344310797613e-01
-5.000000000000000000e-01 5.473872561043328089e-01 5.000124739193048118e-01 4.595665271137279739e-01 7.982600483123324375e-01 6.916033664004981318e-01 6.667672552448092871e-01 -2.506427488314042495e-01 -1.915103829554279935e-01 -2.071691299777750073e-01 -2.300433765954763810e-04 -8.050952576525550824e-05 -3.159815330629142671e-05 7.980300049357370584e-01 6.915228568747329163e-01 6.667356570915029534e-01
0.000000000000000000e+00 5.554799608688379964e-01 4.836225244477479479e-01 4.675385814873702639e-01 8.024116581357984002e-01 6.978588255172332167e-01 6.835318201391108461e-01 -2.467798256747852081e-01 -2.141460434790830314e-01 -2.158897484259133803e-01 -1.518715921750952384e-04 -9.025759040214380009e-05 -1.034902258272671105e-04 8.022597865436232878e-01 6.977685679268309515e-01 6.834283299132836165e-01
5.000000000000000000e-01 5.083825586500104743e-01 4.427331016295306121e-01 4.630712391590544041e-01 7.943149980881170080e-01 6.942125251777119255e-01 6.803750057563294762e-01 -2.857805678459312548e-01 -2.513891659577792148e-01 -2.172002763714478146e-01 -1.518715921750952384e-04 -9.025759040214380009e-05 -1.034902258272671105e-04 7.941631264959418957e-01 6.941222675873097714e-01 6.802715155305022465e-01
1.000000000000000000e+00 5.101100473327760954e-01 5.453829181408942350e-01 4.717002540232776986e-01 8.008431245922231767e-01 7.066420926280633230e-01 6.854655237858686689e-01 -2.904239822498624335e-01 -1.595258158396578585e-01 -2.137255434243661989e-01 -3.090950095846208110e-04 -1.733358647511306022e-03 -3.972633822478755178e-05 8.005340295826384178e-01 7.049087339805520935e-01 6.854257974476438697e-01
1.500000000000000000e+00 5.372959350241057752e-01 5.301988345019977844e-01 5.025972822904360982e-01 7.874965474898202311e-01 7.005353957995564818e-01 6.850514522228637881e-01 -2.501025252933976595e-01 -1.702903916738903456e-01 -1.824220554397535665e-01 -9.808717231686772252e-05 -4.616962366831952111e-05 -3.211449267414810547e-05 7.873984603175033792e-01 7.004892261758882688e-01 6.850193377301897479e-01
2.000000000000000000e+00 5.267941053434156418e-01 4.512976288422357318e-01 4.724568427384610581e-01 7.832266755050948381e-01 6.876483157890856956e-01 6.856941452887864719e-01 -2.563201951601549178e-01 -2.363022074819776941e-01 -2.131660311033663768e-01 -1.123750015241530849e-04 -4.847946487232578181e-05 -7.127144695901560468e-05 7.831143005035706706e-01 6.875998363242133982e-01 6.856228738418274071e-01
2.500000000000000000e+00 5.155948888575437872e-01 4.726706800675724018e-01 4.478040267026530685e-01 7.764002190355799859e-01 6.848804646274939678e-01 6.849592456040686228e-01 -2.605755335006725293e-01 -2.120273015693729945e-01 -2.370757902022840591e-01 -2.297966773636894104e-04 -1.824829905484916519e-04 -7.942869913152315398e-05 7.761704223582163165e-01 6.846979816369455074e-01 6.848798169049371554e-01
3.000000000000000000e+00 5.420760124209237363e-01 4.885897806250635855e-01 4.768882183854571966e-01 7.861617936631791759e-01 6.830327005340679491e-01 6.899582329875918463e-01 -2.438848973731805592e-01 -1.943956862619097004e-01 -2.130377426681571984e-01 -2.008838690748088705e-04 -4.723364709472582541e-05 -3.227193397758015408e-05 7.859609097941042677e-01 6.829854668869733691e-01 6.899259610536142562e-01
3.500000000000000000e+00 4.935484572556081972e-01 4.744794638699581513e-01 4.965755363293807290e-01 7.770677935422011240e-01 6.837619118130066065e-01 6.963725187261583516e-01 -2.832155243840588921e-01 -2.091650194466060098e-01 -1.996794690925049187e-01 -3.038119025340270288e-04 -1.174284964424299042e-04 -1.175133042726600306e-04 7.767639816396670893e-01 6.836444833165642443e-01 6.962550054218855644e-01
4.000000000000000000e+00 5.239473400678384962e-01 5.438704746865504758e-01 5.445863689419743192e-01 7.843003972946319680e-01 6.813455413760478585e-01 6.955004886335286463e-01 -2.601323950943188468e-01 -1.373728810099565101e-01 -1.507973051742022841e-01 -2.206621324746247444e-04 -1.021856795408094447e-04 -1.168145173520401380e-04 7.840797351621574540e-01 6.812433556965070691e-01 6.953836741161767421e-01
4.500000000000000000e+00 5.270408925012529666e-01 4.763343083242939646e-01 5.103573578670054234e-01 7.804014498563430768e-01 6.853650549181570240e-01 6.953438219796987951e-01 -2.531675092942518024e-01 -2.090057926529771404e-01 -1.848840170857397880e-01 -1.930480608382814601e-04 -2.495394088585668662e-05 -1.024470269534086654e-04 7.802084017955047690e-01 6.853401009772711605e-01 6.952413749527454057e-01
5.000000000000000000e+00 5.408393906407323870e-01 4.801234256819466584e-01 5.251411478999985505e-01 7.759427164484568040e-01 6.855796650849740326e-01 6.870055093921837441e-01 -2.346671014368582053e-01 -2.053208163805495534e-01 -1.616639767610300316e-01 -4.362243708662455130e-04 -1.354230224778821799e-04 -2.003847311552506402e-04 7.755064920775907034e-01 6.854442420624962118e-01 6.868051246610286098e-01
5.500000000000000000e+00 5.087457794015626256e-01 4.904547888287704716e-01 4.341224174651464041e-01 7.891559400989279771e-01 6.921040083809262278e-01 6.934927621246096408e-01 -2.800174880856542425e-01 -2.014583148396680012e-01 -2.590611802278461884e-01 -3.926726117111864760e-04 -1.909047124877807022e-04 -3.091644316170611122e-04 7.887632674872168126e-01 6.919131036684383895e-01 6.931835976929926479e-01
6.000000000000000000e+00 4.897018368812321998e-01 4.794260549381502146e-01 4.435145829998236588e-01 7.901687607268694791e-01 6.814003582973678919e-01 6.829919297389969168e-01 -3.001050700200065258e-01 -2.018217930456744913e-01 -2.393612013061204025e-01 -3.618538256307348745e-04 -1.525103135432020779e-04 -1.161454330530157765e-04 7.898069069012386700e-01 6.812478479838247614e-01 6.828757843059439780e-01
6.500000000000000000e+00 5.550069793614159641e-01 5.055487963085795178e-01 5.703541424431338713e-01 7.970362957899425060e-01 6.881310432942692179e-01 6.848965207487021090e-01 -2.418796169084951320e-01 -1.823007044171604807e-01 -1.143205251398006633e-01 -1.496995200313674869e-04 -2.815425685293203241e-04 -2.218531657676650756e-04 7.968865962699109851e-01 6.878495007257399152e-01 6.846746675829344930e-01
7.000000000000000000e+00 5.439151340747017116e-01 4.924279043721975779e-01 5.329929636964439998e-01 7.868437691014626978e-01 6.883900541873383405e-01 6.779318648657897128e-01 -2.424633844763013635e-01 -1.957029713496562240e-01 -1.447356656858393709e-01 -4.652505504596439641e-04 -2.591784654845659223e-04 -2.032354835062297248e-04 7.863785185510031583e-01 6.881308757218538297e-01 6.777286293822833985e-01
7.500000000000000000e+00 5.329732704049443548e-01 4.444839193895460672e-01 4.694544179621214508e-01 8.030662541180911829e-01 6.911098506712290979e-01 6.836968804887456619e-01 -2.696277331626870666e-01 -2.463667528161983533e-01 -2.140392270431179245e-01 -4.652505504596439641e-04 -2.591784654845659223e-04 -2.032354835062297248e-04 8.026010035676315324e-01 6.908506722057444760e-01 6.834936450052393475e-01
8.000000000000000000e+00 5.537276121730204670e-01 4.444253420727828363e-01 4.787524079965004842e-01 8.039660582834856628e-01 6.952736827992843649e-01 6.816371226120617743e-01 -2.498405971564104100e-01 -2.506609868031399180e-01 -2.027040280064082989e-01 -3.978489540548407343e-04 -1.873539233615530099e-04 -1.806866091530879139e-04 8.035682093294308492e-01 6.950863288759226988e-01 6.814564360029087275e-01
8.500000000000000000e+00 5.206343846090178973e-01 5.015963535442092835e-01 4.554435143644894879e-01 8.112579574365973434e-01 6.987396408148131011e-01 6.891223476903368672e-01 -2.904075011360229275e-01 -1.970910624379678122e-01 -2.336104306451059764e-01 -2.160716915564443242e-04 -5.222483263601136754e-05 -6.840268074144682786e-05 8.110418857450408803e-01 6.986874159821772068e-01 6.890539450095953811e-01
9.000000000000000000e+00 5.311374942321566150e-01 5.281315304207909733e-01 5.114397595099151594e-01 8.031073061452417283e-01 6.934646600964150531e-01 6.861951699785943104e-01 -2.717310000655442925e-01 -1.652201801521151203e-01 -1.746836418581839412e-01 -2.388118475407618980e-04 -1.129495235088878160e-04 -7.176861049510142008e-05 8.028684942977010186e-01 6.933517105729061214e-01 6.861234013680991284e-01
9.500000000000000000e+00 5.319653271811198847e-01 4.703825007929663404e-01 4.525139555366866073e-01 8.068091919773602294e-01 6.886010448218957691e-01 6.970226545709925503e-01 -2.747550237455498867e-01 -2.181857083049995316e-01 -2.444715688635405726e-01 -8.884105069053924847e-05 -3.283572392980622418e-05 -3.713017076541766051e-05 8.067203509266698269e-01 6.885682090979660108e-01 6.969855244002270966e-01
1.000000000000000000e+01 5.808132892320391205e-01 5.101981176663400452e-01 4.700701451816262089e-01 8.045706113473238830e-01 6.862279032499779552e-01 6.894602939315417345e-01 -2.225827275520068371e-01 -1.756103879016376046e-01 -2.184428956785776643e-01 -1.174594563277862229e-03 -4.193976820003879227e-04 -9.472530713379225540e-04 8.033960167840459299e-01 6.858085055679775666e-01 6.885130408602039287e-01
1.050000000000000000e+01 5.428919666598835958e-01 4.542896595190959452e-01 4.968733679317944296e-01 7.940342532474981008e-01 6.840582130518759740e-01 6.909340780016915984e-01 -2.561437837314279320e-01 -2.303631906681447850e-01 -1.935036305967212655e-01 5.001497143813396669e-03 5.946371353648401787e-04 -5.570794731758329718e-04 7.990357503913115833e-01 6.846528501872407579e-01 6.903769985285158617e-01
1.100000000000000000e+01 5.019083707238435332e-01 4.923283691536182727e-01 4.734873609177887022e-01 7.832764262879420292e-01 6.873984160740250760e-01 6.907830092609602568e-01 -2.873060530793786760e-01 -1.959825074581489635e-01 -2.175780734375349079e-01 5.937997515280222550e-03 9.124605377421444617e-04 2.824250943633058457e-04 7.892144238032221537e-01 6.883108766117671529e-01 6.910654343553237489e-01
1.150000000000000000e+01 5.463658136308325863e-01 5.474792635357640380e-01 5.128250303201024041e-01 7.852261050575952694e-01 6.870148473113258936e-01 6.868761338581820253e-01 -2.382807731652243077e-01 -1.392896394055611331e-01 -1.722133945520013809e-01 -5.795182615384841243e-04 -2.459443700005493525e-04 -1.837708986078270433e-03 7.846465867960566998e-01 6.867689029413251989e-01 6.850384248721037572e-01
1.200000000000000000e+01 5.377191425293726956e-01 4.960850930531772729e-01 4.517575653092866794e-01 7.952963047611438796e-01 6.940292727537739070e-01 6.950688038110212075e-01 -2.572910166089281137e-01 -1.978645853768685459e-01 -2.430811368521962612e-01 -2.861456228432458023e-04 -7.959432372808238336e-05 -2.301016495381818378e-04 7.950101591383007538e-01 6.939496784300458465e-01 6.948387021614829129e-01
1.250000000000000000e+01 5.310246252982200321e-01 4.886504176976257940e-01 4.809785618849219957e-01 7.883640135305401975e-01 6.935241409325668682e-01 6.961043018210929523e-01 -2.568714145326318476e-01 -2.047086132684663717e-01 -2.150316691635161537e-01 -4.679736996883146656e-04 -1.651099664747394935e-04 -9.407077265479954226e-05 7.878960398308518798e-01 6.933590309660920825e-01 6.960102310484380661e-01
1.300000000000000000e+01 5.015243248197932546e-01 4.557270565305072130e-01 4.665502102738234846e-01 7.802945266636786004e-01 6.942526680846210496e-01 6.877368819696036972e-01 -2.781859262425821488e-01 -2.382754370519989673e-01 -2.210593288989155247e-01 -5.842756013032247538e-04 -2.501745021148568345e-04 -1.273427968647314963e-04 7.797102510623753480e-01 6.940024935825062080e-01 6.876095391727390371e-01
1.350000000000000000e+01 5.221044566178596469e-01 5.061907368293074860e-01 5.508294454646552873e-01 7.795632020785111527e-01 6.922044770285732396e-01 6.799259973401364787e-01 -2.675867166661891616e-01 -1.890742104656717437e-01 -1.409508402343686850e-01 1.012797120553774084e-02 3.060470266406029646e-03 1.185428835888750580e-02 7.896911732840488085e-01 6.952649472949792298e-01 6.917802856990239446e-01
1.400000000000000000e+01 5.409179985541044955e-01 5.280566604843546230e-01 6.053620430782366002e-01 7.808716900393762872e-01 6.955227985424285997e-01 6.829289173052752737e-01 -2.398689275297642698e-01 -1.674313059639090662e-01 -7.755382755933490357e-02 -8.476395550763972744e-05 -3.483209416497239064e-05 -1.304666770368364559e-05 7.807869260838686820e-01 6.954879664482636059e-01 6.829158706375716426e-01
1.450000000000000000e+01 5.356999078601304420e-01 4.947283226734384698e-01 5.059664527006931811e-01 7.752419511998085433e-01 6.969016280771506144e-01 6.756974922653663507e-01 -2.393782970639374008e-01 -2.020708887082190153e-01 -1.696287718068164585e-01 -1.637462757406398623e-04 -1.024166954930044726e-04 -1.022677578568519015e-04 7.750782049240679816e-01 6.967992113816574573e-01 6.755952245075095286e-01
1.500000000000000000e+01 5.475155901988396634e-01 5.080629124663862406e-01 4.792545229751539737e-01 7.754565716232700856e-01 6.912328111533811992e-01 6.794791446694308235e-01 -2.275322074461832711e-01 -1.828784576815268847e-01 -2.000669188107910557e-01 -4.087739782472131315e-04 -2.914410054681104245e-04 -1.577028834857239397e-04 7.750477976450228512e-01 6.909413701479131253e-01 6.793214417859450016e-01
1.550000000000000000e+01 5.532278323639895357e-01 4.577343549535013989e-01 5.462215600487986267e-01 7.760522986120559352e-01 6.894759544108417515e-01 6.836798868127672568e-01 -2.224788784908361683e-01 -2.315227290269909755e-01 -1.373444651338279476e-01 -3.455877572301892611e-04 -2.188704303495026936e-04 -1.138616301407236988e-04 7.757067108548256762e-01 6.892570839804923466e-01 6.835660251826265466e-01
1.600000000000000000e+01 4.916046865833749169e-01 4.649555214542113180e-01 4.743664921710176174e-01 7.849218696870683409e-01 6.924230445084417207e-01 6.919440992078280672e-01 -2.924338262338508909e-01 -2.268584666658103599e-01 -2.173821660110943632e-01 -8.833568698426221564e-04 -6.090563884202480774e-04 -1.954410257159364887e-04 7.840385128172258078e-01 6.918139881200217056e-01 6.917486581821120639e-01
1.650000000000000000e+01 5.317217508537391835e-01 4.981816480936316904e-01 5.521143738927433153e-01 7.911876313193163535e-01 6.866057441707266173e-01 6.944097875138854903e-01 -2.588443702029417648e-01 -1.878894671791461468e-01 -1.421672664846251322e-01 -6.215102626353851507e-04 -5.346288979488095922e-04 -1.281471365171072752e-04 7.905661210566811148e-01 6.860711152727777540e-01 6.942816403773682810e-01
1.700000000000000000e+01 5.279465534919390857e-01 4.792759430343651039e-01 4.636891688088891628e-01 7.802006553544976741e-01 6.843141037701726548e-01 6.816387351335101430e-01 -2.520914122765408050e-01 -2.049615060461598137e-01 -2.179042672917662904e-01 -1.626895860178165893e-04 -7.665468964773901003e-05 -4.529903285470694582e-05 7.800379657684799461e-01 6.842374490805248621e-01 6.815934361006554809e-01
1.750000000000000000e+01 5.573153241597054164e-01 4.266197101478110265e-01 5.647755846100181998e-01 7.742085494004791180e-01 6.856879513565781181e-01 6.762480136496482608e-01 -2.166634132788830269e-01 -2.589599232459529055e-01 -1.114113494582093106e-01 -2.298119618907719884e-04 -1.083179628141114513e-04 -6.107958142076175831e-05 7.739787374385883600e-01 6.855796333937638209e-01 6.761869340682276075e-01
1.800000000000000000e+01 5.068283956244006294e-01 4.770823530045616434e-01 4.530340251127737972e-01 7.728818045260594793e-01 6.830135401746981749e-01 6.898568270330688312e-01 -2.659446545060502598e-01 -2.058876155491840831e-01 -2.367917153368211958e-01 -1.087543956085306037e-04 -4.357162095238142603e-05 -3.108658347378306957e-05 7.727730501304508337e-01 6.829699685537456988e-01 6.898257404495949929e-01
1.850000000000000000e+01 4.730731813027252985e-01 4.688102248083585444e-01 4.748405664580431229e-01 7.664878806994749327e-01 6.743636767256111497e-01 6.985983157447037684e-01 -2.933199119650843900e-01 -2.055219214612158396e-01 -2.237288517683928279e-01 -9.478743166537157794e-05 -3.153045603672745571e-05 -2.889751826789272124e-05 7.663930932678096886e-01 6.743321462695742730e-01 6.985694182264360341e-01
1.900000000000000000e+01 4.708470810972372189e-01 4.780228487741539634e-01 5.043984689050476922e-01 7.655639460067854563e-01 6.702314214054737596e-01 6.935755405849430844e-01 -2.943476629259068056e-01 -1.921765097532050215e-01 -1.889668670278329687e-01 -3.692019836413273979e-04 -3.206287811483118677e-05 -2.102046520623028839e-04 7.651947440231441355e-01 6.701993585273590126e-01 6.933653359328806332e-01
1.950000000000000000e+01 5.104292579387204043e-01 4.773109986574512464e-01 4.607577774108311819e-01 7.693876038575321319e-01 6.735780103609062541e-01 6.891815128422019709e-01 -2.585891439351704069e-01 -1.962349488253402885e-01 -2.282135307793083656e-01 -3.692019836413273979e-04 -3.206287811483118677e-05 -2.102046520623028839e-04 7.690184018738907001e-01 6.735459474827915072e-01 6.889713081901396308e-01
2.000000000000000000e+01 5.730938442145949718e-01 5.459624734629223708e-01 4.819791059814510503e-01 7.661494368597837612e-01 6.711876015018495290e-01 6.880418480908622181e-01 -1.929023394877688313e-01 -1.251191844898683903e-01 -2.059104815935043631e-01 -1.532531574197599849e-04 -1.059435490588702539e-04 -1.522605159068047534e-04 7.659961837023638864e-01 6.710816579527908443e-01 6.878895875749554412e-01
2.050000000000000000e+01 5.173370885176646894e-01 4.596303534936211910e-01 4.850021584184703305e-01 7.764469297403798764e-01 6.779930170309332871e-01 6.881792119416298981e-01 -2.589608849750344999e-01 -2.183213513218037194e-01 -2.031075741156851411e-01 -1.489562476807095753e-04 -4.131221550833462771e-05 -6.947940747446250018e-05 7.762979734926992448e-01 6.779517048154248826e-01 6.881097325341554161e-01
2.100000000000000000e+01 5.224526440924608384e-01 4.789972590676155328e-01 5.226466161932429300e-01 7.769922652809221342e-01 6.671789277725675982e-01 6.850374722394585447e-01 -2.543672667609077620e-01 -1.881617034325823168e-01 -1.623037278575861775e-01 -1.723544275535074334e-04 -1.996527236982161869e-05 -8.712818862957698838e-05 7.768199108533685449e-01 6.671589625001979051e-01 6.849503440508289964e-01
2.150000000000000000e+01 5.263219535515294423e-01 4.803205040328688558e-01 5.642785443045618132e-01 7.668088175792640016e-01 6.643921847466557340e-01 6.839121200567471748e-01 -2.401376549736439492e-01 -1.837404173069845104e-01 -1.194648947315890136e-01 -3.492090540907161829e-04 -3.312634068023654916e-04 -1.686810205962446872e-04 7.664596085251732527e-01 6.640609213398533939e-01 6.837434390361508685e-01
2.200000000000000000e+01 5.176678415438750180e-01 4.532618627530279887e-01 4.558145685132868885e-01 7.791325426851369862e-01 6.662887273418803824e-01 6.895240488702887305e-01 -2.605519090166563134e-01 -2.126672388343004150e-01 -2.331187148740132831e-01 -9.127921246056403112e-04 -3.596257545520105815e-04 -5.907654829884759684e-04 7.782197505605313870e-01 6.659291015873284314e-01 6.889332833873001993e-01
2.250000000000000000e+01 5.152633180486431153e-01 4.263845008465880215e-01 4.594638237052054985e-01 7.754195731246618095e-01 6.629049999278571192e-01 6.912326757276830991e-01 -2.591480678906328827e-01 -2.361261472628670977e-01 -2.310614262164610022e-01 -1.008187185385842110e-03 -3.943518184019357176e-04 -7.074258060166292239e-04 7.744113859392759425e-01 6.625106481094551469e-01 6.905252499216665285e-01
2.300000000000000000e+01 5.291121810105248180e-01 4.399503071182102043e-01 4.639454797610730874e-01 7.720801528462128971e-01 6.558577465603531165e-01 6.847267500866260903e-01 -2.521480868442776413e-01 -2.164543407410995657e-01 -2.217191096428926256e-01 9.180115008589454645e-03 5.469012989566947140e-04 9.378393173396730844e-04 7.812602678548025148e-01 6.564046478593097422e-01 6.856645894039656852e-01
2.350000000000000000e+01 5.279208463685073349e-01 4.645388010861982164e-01 5.399315862293669888e-01 7.699790339722353272e-01 6.639169778619290474e-01 6.805863812651539169e-01 -2.428695288864418378e-01 -2.015762218808649642e-01 -1.419809691183393230e-01 8.113412827138361027e-04 2.198045105134123229e-03 1.326174082552535180e-03 7.707903752549490894e-01 6.661150229670630418e-01 6.819125553477064505e-01
2.400000000000000000e+01 5.002367308104459509e-01 4.811783638788362238e-01 5.268166428039688931e-01 7.709127077470915301e-01 6.688879534657886650e-01 6.871958772100360546e-01 -2.702884216013066165e-01 -1.871363875062493076e-01 -1.593318930728061245e-01 -3.875553353388215831e-04 -5.732020807030295236e-04 -1.047341333261096697e-03 7.705251524117525674e-01 6.683147513850856702e-01 6.861485358767750453e-01
2.450000000000000000e+01 5.462076266539960256e-01 4.654640235421057537e-01 5.176993769637225906e-01 7.671191938995902682e-01 6.639372170118268413e-01 6.904326414856294392e-01 -2.208119329078721549e-01 -1.984412844917060881e-01 -1.726775032001473253e-01 -9.963433772204682252e-05 -3.190897801489416848e-05 -5.576132175947436039e-05 7.670195595618682916e-01 6.639053080338118695e-01 6.903768801638699992e-01
2.500000000000000000e+01 5.185425492645571177e-01 4.177041532828471015e-01 4.919393495708734854e-01 7.687208477115521355e-01 6.682872781182037647e-01 6.877476118491995249e-01 -2.500348744032773740e-01 -2.505477259479217955e-01 -1.957783712000655540e-01 -1.434240437175519727e-04 -3.539888743492931622e-05 -2.989107826041838802e-05 7.685774236678346583e-01 6.682518792307687860e-01 6.877177207709390672e-01
2.550000000000000000e+01 4.943364412692923260e-01 4.879562802098569851e-01 4.316356891575465204e-01 7.632993643880189305e-01 6.657253088349712744e-01 6.812170157660278891e-01 -2.688216900733568226e-01 -1.777046260160735913e-01 -2.495356358801657792e-01 -1.412330453699011626e-04 -6.440260904072387055e-05 -4.569072831562269351e-05 7.631581313426490931e-01 6.656609062259305487e-01 6.811713250377122719e-01
2.600000000000000000e+01 5.239224356858789289e-01 5.363853195984434885e-01 5.618499721014081905e-01 7.495608812250947883e-01 6.661554022457809587e-01 6.752137005158571625e-01 -2.250449595355106525e-01 -1.296291889103679817e-01 -1.131690944101033242e-01 -5.934860037051860630e-04 -1.408937369694262479e-04 -1.946340043458056506e-04 7.489673952213896646e-01 6.660145085088114980e-01 6.750190665115113342e-01
2.650000000000000000e+01 5.345175586416254232e-01 5.505097668235067188e-01 5.490078909327532619e-01 7.433525202605423265e-01 6.680230310442096808e-01 6.745789143180376257e-01 -2.087548035644871403e-01 -1.174237556644253805e-01 -1.254664559339790653e-01 -8.015805442974470181e-05 -8.950855627761979030e-05 -1.045674513052458499e-04 7.432723622061124802e-01 6.679335224879320299e-01 6.744743468667323549e-01
2.700000000000000000e+01 4.825839908175391102e-01 4.754646910058928366e-01 4.356124125874357156e-01 7.441159831233034039e-01 6.644860467582014429e-01 6.760047040600266621e-01 -2.614518342513345028e-01 -1.889318471960309553e-01 -2.402877240212856480e-01 -8.015805442974470181e-05 -8.950855627761979030e-05 -1.045674513052458499e-04 7.440358250688735575e-01 6.643965382019237920e-01 6.759001366087215024e-01
2.750000000000000000e+01 4.961691125229206745e-01 4.463996671969505114e-01 4.631850470175631340e-01 7.514086199183481751e-01 6.578557632823295309e-01 6.695532196821157855e-01 -2.543927662377630239e-01 -2.109687867426718599e-01 -2.055476806805504042e-01 -8.467411576643636912e-04 -4.873093427072116277e-04 -8.204919840022429842e-04 7.505618787606836984e-01 6.573684539396222881e-01 6.687327276981135382e-01
2.800000000000000000e+01 5.309274157528151017e-01 4.548699430388127851e-01 4.748355782695081739e-01 7.594899295270843842e-01 6.619754913494401150e-01 6.630933437027940469e-01 -2.284227990842592482e-01 -2.070008011208040177e-01 -1.880414036407300482e-01 -1.397146900099292507e-04 -1.047471898232605361e-04 -2.163617925557727306e-04 7.593502148370744331e-01 6.618707441596168861e-01 6.628769819102382499e-01
2.850000000000000000e+01 4.782215547751778040e-01 4.807660867401886695e-01 4.261106297093529283e-01 7.616051214819589132e-01 6.609383719111504574e-01 6.562181033566257815e-01 -2.832835239069366740e-01 -1.801327451328351426e-01 -2.300703408823965290e-01 -1.000427998444355319e-04 -3.954003812664674150e-05 -3.713276487624007254e-05 7.615050786821143669e-01 6.608988318730237843e-01 6.561809705917495128e-01
2.900000000000000000e+01 5.091280815141363547e-01 4.495444267478149736e-01 4.563423026376807190e-01 7.682500910056960786e-01 6.583998803133924715e-01 6.422564434641622189e-01 -2.589105848210457861e-01 -2.087458845838482679e-01 -1.858343470116753660e-01 -2.114246705140959204e-04 -1.095689817291187261e-04 -7.979381480614673456e-05 7.680386663351820298e-01 6.582903113316632693e-01 6.421766496493560572e-01
2.950000000000000000e+01 5.252609120220418371e-01 4.674046228289441274e-01 4.339965975565309164e-01 7.732541347155054146e-01 6.617897242998660445e-01 6.360023257213240910e-01 -2.477456317052758872e-01 -1.942379391254617227e-01 -2.019131338807089726e-01 -2.475909881877484870e-04 -1.471623454602642071e-04 -9.259428408421126178e-05 7.730065437273178075e-01 6.616425619544058501e-01 6.359097314372398335e-01
3.000000000000000000e+01 5.258893954437814378e-01 4.085291509540340260e-01 4.806030767314448671e-01 7.726815875876061890e-01 6.594910163352825094e-01 6.416151404603597230e-01 -2.458724713165831854e-01 -2.496210009885074521e-01 -1.608721239002426084e-01 -9.197208272416160929e-04 -1.340864392740968207e-03 -1.399398286722560618e-04 7.717618667603646232e-01 6.581501519425415614e-01 6.414752006316875033e-01
3.050000000000000000e+01 5.141265801682862735e-01 4.503932509909743254e-01 4.094000675513790877e-01 7.702829698159915361e-01 6.506840904877194687e-01 6.479264875365872145e-01 -2.545697895054399029e-01 -1.987837867536343672e-01 -2.382788795782172508e-01 -1.586600142265434535e-03 -1.507052743110754182e-03 -2.475404069909613097e-04 7.686963696737262319e-01 6.491770377446087759e-01 6.476789471295961720e-01
3.100000000000000000e+01 5.062924912561560520e-01 4.373572406521912259e-01 4.414654955949562365e-01 7.728111795700393083e-01 6.510589658121643808e-01 6.550305377005675167e-01 -2.657391599282797334e-01 -2.134318235553858412e-01 -2.134416531890095114e-01 -7.795283856036377057e-04 -2.699016045872743583e-04 -1.233889166018332982e-04 7.720316511844357299e-01 6.507890642075770948e-01 6.549071487839657202e-01
3.150000000000000000e+01 4.992079388785819472e-01 4.181144153753755810e-01 4.381160141763089100e-01 7.734737344828271910e-01 6.491531969708624894e-01 6.538253501743794827e-01 -2.735131432999326484e-01 -2.307644212884351065e-01 -2.156288792467886684e-01 -7.526523043126749158e-04 -2.743603070517626735e-04 -8.045675128197696778e-05 7.727210821785145400e-01 6.488788366638106320e-01 6.537448934230974951e-01
3.200000000000000000e+01 5.127970192568468422e-01 4.169017533252090679e-01 4.339466351391283450e-01 7.680082369087886107e-01 6.500987931495145755e-01 6.518572287077675220e-01 -2.550142818597049277e-01 -2.330447974547954215e-01 -2.178149621062553665e-01 -1.969357922369641524e-04 -1.522423695102014321e-04 -9.563146238378626804e-05 7.678113011165517143e-01 6.499465507800044062e-01 6.517615972453837392e-01
3.250000000000000000e+01 5.484664970431935016e-01 4.610959044814120222e-01 5.210118394861781299e-01 7.598524967062593172e-01 6.594854701875770830e-01 6.582680480908443821e-01 -2.112301659378677809e-01 -1.983065599669785184e-01 -1.371784134667045907e-01 -1.558337251981762467e-04 -8.300573918650831729e-05 -7.779513796182505232e-05 7.596966629810610883e-01 6.594024644483904574e-01 6.581902529528826928e-01
3.300000000000000000e+01 5.359230258709943850e-01 4.744454254605512955e-01 4.744908326994934922e-01 7.613602434114192796e-01 6.619267647121843678e-01 6.615601168807249133e-01 -2.252304113831380405e-01 -1.874417012062092602e-01 -1.870291487335758729e-01 -2.068061572869181344e-04 -3.963804542369884191e-05 -4.013544765553816838e-05 7.611534372541323146e-01 6.618871266667606390e-01 6.615199814330693373e-01
3.350000000000000000e+01 4.838723811453458090e-01 4.327617781507339667e-01 4.583216978357074756e-01 7.644119313035518948e-01 6.592093336166265916e-01 6.640845959302764667e-01 -2.800786589672673021e-01 -2.262936218871431093e-01 -2.055617646103079788e-01 -4.608911909388699150e-04 -1.539335787494428790e-04 -2.011334842610323567e-04 7.639510401126129446e-01 6.590554000378771038e-01 6.638834624460154821e-01
3.400000000000000000e+01 4.824937522694504044e-01 4.601714011237962865e-01 4.971771155467996084e-01 7.639217001011654462e-01 6.612677855515231018e-01 6.676923669691540164e-01 -2.843809446520718653e-01 -2.017275156923935275e-01 -1.716320515210264797e-01 2.952996820356821803e-03 6.311312646666928034e-04 1.116800098671969508e-03 7.668746969215222142e-01 6.618989168161898418e-01 6.688091670678261158e-01
3.450000000000000000e+01 5.318184867135190563e-01 4.852789062287031219e-01 4.459300251339189392e-01 7.616652338039974213e-01 6.542812246721813052e-01 6.655613430781516238e-01 -2.291537148158522552e-01 -1.679542017257637798e-01 -2.192052422811028578e-01 -6.930322746261497304e-04 -1.048116717714413053e-03 -4.260756631298059384e-04 7.609722015293712838e-01 6.532331079544668739e-01 6.651352674150218247e-01
3.500000000000000000e+01 5.219063731784580051e-01 4.515864369059836569e-01 4.392728218059527290e-01 7.574851026016119482e-01 6.489384403223945608e-01 6.584538951553621233e-01 -2.348403170734908452e-01 -1.963265500970309274e-01 -2.187308713920294301e-01 -7.384123496629139971e-04 -1.025453319379979666e-03 -4.502019573799342900e-04 7.567466902519489613e-01 6.479129870030145844e-01 6.580036931979823533e-01
3.550000000000000000e+01 5.037755124147715868e-01 4.597720602595806727e-01 4.396885922022429338e-01 7.487782610371677139e-01 6.543997484690210475e-01 6.497917678754481230e-01 -2.437291000469657132e-01 -1.945765648186323082e-01 -2.090252153307100846e-01 -1.273648575430435994e-03 -5.112339080803283829e-05 -1.077960342495189097e-03 7.475046124617374943e-01 6.543486250782128977e-01 6.487138075329529352e-01
3.600000000000000000e+01 4.864641944706460941e-01 4.638672104802266105e-01 4.072883675966231798e-01 7.498788273941467963e-01 6.593404998657292904e-01 6.488242865579666452e-01 -2.968650736743014273e-01 -2.004693669823142954e-01 -2.416561577574515007e-01 3.345044075080075979e-02 4.996077596811673675e-03 1.202387961079736620e-04 7.833292681449474104e-01 6.643365774625409337e-01 6.489445253540746528e-01
3.650000000000000000e+01 5.253680935561082510e-01 4.495587127977037079e-01 4.457898629251192957e-01 7.543078590704913600e-01 6.628572386962934271e-01 6.466725983901012720e-01 -2.635899725706885022e-01 -2.182591832024662892e-01 -2.021015938099191278e-01 3.465020705630556669e-02 4.960657303876580410e-03 1.218858344937216774e-03 7.889580661267968642e-01 6.678178960001700526e-01 6.478914567350384512e-01
3.700000000000000000e+01 5.140683735980403624e-01 4.547645084139335103e-01 4.760839190367079365e-01 7.440889246226065623e-01 6.648305878808642433e-01 6.423339881426993747e-01 -2.299062942286763944e-01 -2.100290667819632029e-01 -1.660549797651651727e-01 -1.142567958898395053e-04 -3.701268496759154146e-05 -1.950893408262675604e-04 7.439746678267167290e-01 6.647935751958966577e-01 6.421388988018730259e-01
3.750000000000000000e+01 4.956036755521800452e-01 4.330309850945978645e-01 4.202926677377631370e-01 7.495657754436849673e-01 6.608095433385489104e-01 6.345135554804451905e-01 -2.537408277862043815e-01 -2.277067554317838971e-01 -2.139899835586356047e-01 -2.212721053005910871e-04 -7.180281216724532310e-05 -2.309041840464658493e-04 7.493445033383844267e-01 6.607377405263817893e-01 6.342826512963987140e-01
3.800000000000000000e+01 4.942209624122212985e-01 4.080899918413307681e-01 4.482721967480420844e-01 7.506315486632312295e-01 6.625336957157514917e-01 6.415054941820328427e-01 -2.560491925810566838e-01 -2.542518311909685025e-01 -1.929390236753012189e-01 -3.613936699532973207e-04 -1.918726834522218141e-04 -2.942737586896462159e-04 7.502701549932778713e-01 6.623418230322992706e-01 6.412112204233432200e-01
3.850000000000000000e+01 5.142294202299410033e-01 5.067873853513827909e-01 5.451603131138349490e-01 7.958113811092367706e-01 7.111982974270486535e-01 6.868453387688248091e-01 -2.811610876569556328e-01 -2.042234680321705353e-01 -1.414093905293652420e-01 -4.208732223401447157e-04 -1.874440434952053382e-04 -2.756351256247393838e-04 7.953905078868966916e-01 7.110108533835534095e-01 6.865697036432001354e-01
3.900000000000000000e+01 5.569357512762788120e-01 5.302142905424925834e-01 5.633132789791116535e-01 8.228385613058999404e-01 7.258811221530830915e-01 7.098304965824384638e-01 -2.648430914456066376e-01 -1.945632450735768904e-01 -1.453870244063978912e-01 -1.059718584014376864e-03 -1.103586537013634883e-03 -1.130193196928959724e-03 8.217788427218856162e-01 7.247775356160693905e-01 7.087003033855096001e-01
3.950000000000000000e+01 2.352941079572544725e-01 5.491851669129571567e-01 4.539608593926846569e-01 8.494158452498279388e-01 7.543718436838547925e-01 7.498967809439545107e-01 -6.138752782677792119e-01 -2.051363972392159507e-01 -2.958834737389667846e-01 -2.464590247941366667e-04 -5.027953168171267863e-05 -5.244781230318311984e-05 8.491693862250336844e-01 7.543215641521731074e-01 7.498443331316512195e-01
4.000000000000000000e+01 1.169315733365693388e+00 6.785367829518036409e-01 7.060922714897568397e-01 8.705033382938998088e-01 7.921615780658597394e-01 7.769105213359287498e-01 2.989151168971011518e-01 -1.135860612175024209e-01 -7.077510140656374793e-02 -1.027218253075225127e-04 -3.873389655364445903e-05 -4.314843960822195714e-05 8.704006164685922364e-01 7.921228441693060063e-01 7.768673728963205738e-01
4.250000000000000000e+01 1.023191580955230995e+00 9.312403266017788006e-01 9.457364573341068281e-01 1.018195257995359482e+00 9.269631282296538766e-01 9.385894966189139987e-01 0.000000000000000000e+00 0.000000000000000000e+00 0.000000000000000000e+00 4.996322959871253751e-03 4.277198372124888480e-03 7.146960715192850200e-03 1.023191580955230995e+00 9.312403266017788006e-01 9.457364573341068281e-01
4.500000000000000000e+01 9.881772558535805162e-01 9.408553129106344004e-01 9.382056569890505626e-01 9.885186777677078540e-01 9.409218146441952202e-01 9.383717053942403075e-01 0.000000000000000000e+00 0.000000000000000000e+00 0.000000000000000000e+00 -3.414219141272742657e-04 -6.650173356080321208e-05 -1.660484051898100828e-04 9.881772558535805162e-01 9.408553129106344004e-01 9.382056569890505626e-01
4.750000000000000000e+01 9.852930544188019946e-01 9.250847978378243797e-01 9.357580298420482556e-01 9.855376980473321558e-01 9.251798722512830642e-01 9.358753097221796935e-01 0.000000000000000000e+00 0.000000000000000000e+00 0.000000000000000000e+00 -2.446436285301231933e-04 -9.507441345870517116e-05 -1.172798801315121315e-04 9.852930544188019946e-01 9.250847978378243797e-01 9.357580298420482556e-01
5.000000000000000000e+01 1.007353881126550776e+00 9.188191677645533018e-01 9.537268254146541446e-01 1.007510823044819759e+00 9.188743773814754823e-01 9.537800249609201808e-01 0.000000000000000000e+00 0.000000000000000000e+00 0.000000000000000000e+00 -1.569419182687290003e-04 -5.520961692213731007e-05 -5.319954626616276014e-05 1.007353881126550776e+00 9.188191677645533018e-01 9.537268254146541446e-01
5.250000000000000000e+01 1.095015387819271879e+00 9.539773395150644708e-01 1.000513535378804386e+00 1.020334748774607503e+00 9.484235981090352041e-01 9.582585630780849906e-01 0.000000000000000000e+00 0.000000000000000000e+00 0.000000000000000000e+00 7.468063904466444580e-02 5.553741406029245008e-03 4.225497230071947885e-02 1.095015387819271879e+00 9.539773395150644708e-01 1.000513535378804386e+00
5.500000000000000000e+01 1.020170126224068774e+00 9.459586385328698777e-01 9.396503470518221546e-01 1.021440341361816939e+00 9.473383320643565808e-01 9.399104738723790264e-01 0.000000000000000000e+00 0.000000000000000000e+00 0.000000000000000000e+00 -1.270215137747967866e-03 -1.379693531486690140e-03 -2.601268205570302105e-04 1.020170126224068774e+00 9.459586385328698777e-01 9.396503470518221546e-01
5.750000000000000000e+01 1.002998810779856420e+00 9.525419424615751973e-01 9.461303776608481764e-01 1.004272727270320464e+00 9.528293101412613764e-01 9.463774482913097641e-01 0.000000000000000000e+00 0.000000000000000000e+00 0.000000000000000000e+00 -1.273916490464161192e-03 -2.873676796860642280e-04 -2.470706304615113980e-04 1.002998810779856420e+00 9.525419424615751973e-01 9.461303776608481764e-01
6.000000000000000000e+01 1.014563937377050973e+00 9.817447689840245184e-01 9.565658772399797671e-01 1.015050989733073061e+00 9.818598221170261597e-01 9.567185710910423024e-01 0.000000000000000000e+00 0.000000000000000000e+00 0.000000000000000000e+00 -4.870523560220700317e-04 -1.150531330016500015e-04 -1.526938510624968397e-04 1.014563937377050973e+00 9.817447689840245184e-01 9.565658772399797671e-01
6.250000000000000000e+01 1.025073013148943835e+00 9.562869521414296692e-01 9.479375222181256611e-01 1.025613870029657981e+00 9.563865445749125671e-01 9.479894042012761979e-01 0.000000000000000000e+00 0.000000000000000000e+00 0.000000000000000000e+00 -5.408568807140735424e-04 -9.959243348301383884e-05 -5.188198315055536549e-05 1.025073013148943835e+00 9.562869521414296692e-01 9.479375222181256611e-01
6.500000000000000000e+01 1.017661808784976474e+00 9.327747333203185720e-01 9.525837735727479272e-01 1.012815971098006695e+00 9.315890220409143163e-01 9.522412858501981825e-01 0.000000000000000000e+00 0.000000000000000000e+00 0.000000000000000000e+00 4.845837686969601404e-03 1.185711279404245934e-03 3.424877225496929180e-04 1.017661808784976474e+00 9.327747333203185720e-01 9.525837735727479272e-01
6.750000000000000000e+01 9.791711785370353915e-01 9.472769547337618334e-01 9.530062222777613279e-01 9.792764211365677651e-01 9.473155188768845880e-01 9.530353803574054261e-01 0.000000000000000000e+00 0.000000000000000000e+00 0.000000000000000000e+00 -1.052425995323031088e-04 -3.856414312262482756e-05 -2.915807964404840353e-05 9.791711785370353915e-01 9.472769547337618334e-01 9.530062222777613279e-01
7.000000000000000000e+01 9.859392930517194564e-01 9.463651620515133311e-01 9.544132097092986600e-01 9.862269668901401110e-01 9.464860023376094889e-01 9.545513032820717170e-01 0.000000000000000000e+00 0.000000000000000000e+00 0.000000000000000000e+00 -2.876738384205887694e-04 -1.208402860961258770e-04 -1.380935727730084328e-04 9.859392930517194564e-01 9.463651620515133311e-01 9.544132097092986600e-01
7.250000000000000000e+01 1.013581108425429589e+00 9.381535402730792894e-01 9.660350410055494885e-01 1.014019660595289585e+00 9.382364518652409613e-01 9.661576024120316353e-01 0.000000000000000000e+00 0.000000000000000000e+00 0.000000000000000000e+00 -4.385521698601687213e-04 -8.291159216166060081e-05 -1.225614064820716969e-04 1.013581108425429589e+00 9.381535402730792894e-01 9.660350410055494885e-01
7.500000000000000000e+01 1.007032642881352524e+00 9.504143889166808412e-01 9.786627988507649034e-01 1.007216659201394027e+00 9.504939581929224834e-01 9.787425492158184914e-01 0.000000000000000000e+00 0.000000000000000000e+00 0.000000000000000000e+00 -1.840163200415701578e-04 -7.956927624169445978e-05 -7.975036505356453967e-05 1.007032642881352524e+00 9.504143889166808412e-01 9.786627988507649034e-01
7.750000000000000000e+01 9.916078035909411392e-01 9.463889511487181272e-01 9.461660631822109702e-01 9.917996071151072845e-01 9.464556070065500704e-01 9.462210061293342411e-01 0.000000000000000000e+00 0.000000000000000000e+00 0.000000000000000000e+00 -1.918035241660441396e-04 -6.665585783201542812e-05 -5.494294712328002861e-05 9.916078035909411392e-01 9.463889511487181272e-01 9.461660631822109702e-01
8.000000000000000000e+01 9.904822428804314072e-01 9.441414353021920780e-01 9.060031803378000292e-01 9.906257601723981177e-01 9.441892654570921417e-01 9.060551821459440491e-01 0.000000000000000000e+00 0.000000000000000000e+00 0.000000000000000000e+00 -1.435172919667615737e-04 -4.783015489999903797e-05 -5.200180814402962731e-05 9.904822428804314072e-01 9.441414353021920780e-01 9.060031803378000292e-01
8.250000000000000000e+01 9.959606010932189335e-01 9.445032814613271155e-01 9.059928707057762765e-01 9.962425313455852693e-01 9.445732057791996761e-01 9.061755627868044449e-01 0.000000000000000000e+00 0.000000000000000000e+00 0.000000000000000000e+00 -2.819302523662504619e-04 -6.992431787268813578e-05 -1.826920810281783671e-04 9.959606010932189335e-01 9.445032814613271155e-01 9.059928707057762765e-01
8.500000000000000000e+01 9.986100468647928219e-01 9.312948326077110650e-01 9.145726437641096274e-01 9.986820334595257753e-01 9.313634323833775985e-01 9.146318324039199865e-01 0.000000000000000000e+00 0.000000000000000000e+00 0.000000000000000000e+00 -7.198659473280155186e-05 -6.859977566640695749e-05 -5.918863981042621391e-05 9.986100468647928219e-01 9.312948326077110650e-01 9.145726437641096274e-01
8.750000000000000000e+01 9.809206292809821148e-01 9.268162808164928101e-01 9.201654494960490593e-01 9.811040137835332908e-01 9.269148609697476227e-01 9.202627874540114661e-01 0.000000000000000000e+00 0.000000000000000000e+00 0.000000000000000000e+00 -1.833845025513725915e-04 -9.858015325494933444e-05 -9.733795796235097172e-05 9.809206292809821148e-01 9.268162808164928101e-01 9.201654494960490593e-01
9.000000000000000000e+01 9.721824818971572801e-01 9.247003686082010399e-01 9.210916756195380861e-01 9.723701370374223663e-01 9.247412649607466006e-01 9.211233328265175935e-01 0.000000000000000000e+00 0.000000000000000000e+00 0.000000000000000000e+00 -1.876551402650614793e-04 -4.089635254544882371e-05 -3.165720697956387144e-05 9.721824818971572801e-01 9.247003686082010399e-01 9.210916756195380861e-01
9.250000000000000000e+01 9.700126191626585737e-01 9.266936441545818859e-01 9.104535432151621421e-01 9.701580025475070590e-01 9.268500554258599644e-01 9.105754365897477109e-01 0.000000000000000000e+00 0.000000000000000000e+00 0.000000000000000000e+00 -1.453833848484132696e-04 -1.564112712780702018e-04 -1.218933745856243798e-04 9.700126191626585737e-01 9.266936441545818859e-01 9.104535432151621421e-01
9.500000000000000000e+01 9.429002301794667806e-01 9.023961308082553145e-01 8.901947096042887031e-01 9.430775484190380142e-01 9.024718893674728015e-01 8.903286367203039342e-01 0.000000000000000000e+00 0.000000000000000000e+00 0.000000000000000000e+00 -1.773182395712911486e-04 -7.575855921751984085e-05 -1.339271160152946682e-04 9.429002301794667806e-01 9.023961308082553145e-01 8.901947096042887031e-01
