#x_pos #P_tot_x #P_tot_y #P_tot_z #P_v2_x #P_v2_y #P_v2_z #P_obs_par_x #P_obs_par_y #P_obs_par_z #P_par_par_x #P_par_par_y #P_par_par_z #P_par_v2_x #P_par_v2_y #P_par_v2_z 
-9.750000000000000000e+01 2.504646018928743390e-01 2.228229286428346223e-01 2.233186573468363412e-01 1.787492833157986738e-01 1.694706936475036119e-01 1.692504731534939522e-01 -4.758791998377091504e-06 -1.889593270915901833e-06 -1.915462657034370139e-06 5.674796032931031292e-05 2.412349366899141649e-04 2.129827929852156471e-04 1.788060312761280135e-01 1.697119285841935388e-01 1.694634559464790469e-01
-9.500000000000000000e+01 3.239927812624956438e-01 2.671306774019999164e-01 2.604582805384977884e-01 1.868908937957771688e-01 1.805589719636575274e-01 1.801625964323914642e-01 -5.809478343020762395e-06 -4.648202202909549027e-06 -4.587697668664745254e-06 2.221711352115145113e-03 1.639293462581181476e-03 1.618246985230751634e-03 1.891126051478921322e-01 1.821982654262386814e-01 1.817808434176221566e-01
-9.250000000000000000e+01 4.171131064140657929e-01 3.236308439109519819e-01 3.290524177500808722e-01 1.987253445081372805e-01 1.906482711532720420e-01 1.917418525798647577e-01 -2.756257903927915755e-06 -9.240003477155082688e-07 -2.420275987433121581e-06 2.537511494976231116e-03 1.313671554476054026e-03 1.656343120170518943e-03 2.012628560031135549e-01 1.919619427077481899e-01 1.933981957000353025e-01
-9.000000000000000000e+01 5.286466241915234177e-01 3.882135700658390087e-01 4.014165412329506188e-01 2.073716089263385187e-01 1.981739697528325239e-01 1.990904496440261684e-01 -1.939388607466971086e-05 -1.695812865370547931e-05 -1.885157675163430836e-05 1.685780103487563575e-03 5.782108310487369968e-04 7.878570387908406455e-04 2.090573890298259574e-01 1.987521805838812494e-01 1.998783066828169475e-01
-8.750000000000000000e+01 5.405256047262880781e-01 4.137172821422253621e-01 4.154658207647484724e-01 2.092466949586123670e-01 2.015122583865074923e-01 2.030676845492444815e-01 1.070913055969076783e-04 2.567901460978204695e-06 4.706781183937852257e-06 2.419146916522283471e-03 2.254998608257660197e-03 1.565799648273312949e-03 2.116658418751345694e-01 2.037672569947650558e-01 2.046334841975178120e-01
-8.500000000000000000e+01 5.278306914877060052e-01 3.936243957484205080e-01 4.074588016441901828e-01 2.100064643217015026e-01 2.019971086155024076e-01 2.051804537361927305e-01 -5.562338069062618449e-05 -5.323032875168751788e-05 -2.973581644739776246e-05 1.739589254067836583e-03 1.037549280005112652e-03 6.844856497055299121e-04 2.117460535757693940e-01 2.030346578955074810e-01 2.058649393858982268e-01
-8.250000000000000000e+01 5.368026366548989126e-01 3.980007365149380583e-01 4.050777617837861277e-01 2.111544363990097706e-01 2.035874306834454528e-01 2.056007713515941304e-01 8.990016565838874324e-05 -1.452208569803076154e-05 -1.122306910265820908e-05 2.224206361099649153e-03 1.796774826032219085e-03 1.077200411617781689e-03 2.133786427601094271e-01 2.053842055094775576e-01 2.066779717632120372e-01
-8.000000000000000000e+01 5.544121488940866316e-01 4.168835328409544183e-01 4.167489608379162935e-01 2.115843742705709185e-01 2.051438450738387043e-01 2.058770117666083588e-01 -5.252353037082574719e-05 -3.238885841646766463e-05 -2.559413605931236535e-05 2.107548520161759038e-03 3.404968432954353546e-04 1.131585562780744805e-03 2.136919227907326524e-01 2.054843419171342722e-01 2.070085973293890602e-01
-7.750000000000000000e+01 5.123154150607190926e-01 3.967738125690813411e-01 4.066238287226671133e-01 2.128585724539384105e-01 2.076338070928260005e-01 2.070649107870754235e-01 1.906151835565034289e-04 1.794433165728104494e-06 -2.037765279977148198e-05 1.366955150612051036e-03 7.949810185195967148e-04 2.127218050711237511e-04 2.142255276045504364e-01 2.084287881113456031e-01 2.072776325921464324e-01
-7.500000000000000000e+01 5.414797840909593152e-01 4.199284423623118601e-01 4.057405263739133350e-01 2.138392050882694795e-01 2.085122060430251445e-01 2.076935497992606350e-01 7.459307501262455245e-04 8.940515863968224390e-05 9.866438928875069254e-05 1.419635886526370364e-03 8.621701976843557493e-04 9.563510731932115070e-04 2.152588409747957510e-01 2.093743762407094533e-01 2.086499008724539417e-01
-7.250000000000000000e+01 5.318938816114724411e-01 4.122707712796776502e-01 3.992475019503574085e-01 2.174423156751467689e-01 2.107693300603787900e-01 2.093543921048965917e-01 -1.873098310562951903e-05 -6.101426989712310774e-06 -1.161988171242059089e-05 1.352527814969398676e-03 8.349218670991741167e-04 5.439243576940267335e-04 2.187948434901161865e-01 2.116042519274780598e-01 2.098983164625906617e-01
-7.000000000000000000e+01 5.320159948689852092e-01 4.053727428395964005e-01 4.082148977175334426e-01 2.193317233697253676e-01 2.133418429747868938e-01 2.122582016085925449e-01 2.925137922183797061e-04 7.278767062493903721e-05 1.132849686525901403e-04 6.258002403798141764e-04 2.957184533733345786e-04 1.002045888514246572e-04 2.199575236101052322e-01 2.136375614281602608e-01 2.123584061974439496e-01
-6.750000000000000000e+01 5.209489738530880265e-01 4.081222503932107060e-01 3.997620450113948398e-01 2.187072190130410210e-01 2.133521513479850196e-01 2.155005577980174947e-01 -5.059436796145814463e-06 5.770507472838957736e-05 5.805036370473158950e-05 1.276614859061882528e-03 5.031456573716278167e-04 2.885499537504045858e-04 2.199838338721029629e-01 2.138552970053566593e-01 2.157891077517678502e-01
-6.500000000000000000e+01 5.506515801843779867e-01 4.148460334559456175e-01 4.215409274520131588e-01 2.238013844702570476e-01 2.170307772731393803e-01 2.194028226225493150e-01 -3.947319238175844548e-05 -2.550912196614741308e-05 -1.134258783992853454e-05 1.974776139554057681e-03 6.201431127644598537e-04 1.060392598900725299e-03 2.257761606098112050e-01 2.176509203859037234e-01 2.204632152214499874e-01
-6.250000000000000000e+01 5.385993156218791267e-01 4.239824009270934946e-01 4.196509187222233761e-01 2.281780024336598767e-01 2.216410411941452385e-01 2.221078257742462592e-01 -4.403367454842222931e-05 -2.990406183510706608e-05 -3.320828404962356895e-05 2.671147928686160109e-03 2.148868029703863893e-03 2.041409707696828762e-03 2.308491503623461560e-01 2.237899092238491427e-01 2.241492354819432653e-01
-6.000000000000000000e+01 5.595896425548370079e-01 4.302215752154688877e-01 4.232074457258157563e-01 2.311036347653978862e-01 2.249215274355688965e-01 2.248487322960327495e-01 2.036925649459617302e-05 -1.932747098288248552e-05 -2.095374220670950764e-05 1.415639711826612848e-03 7.834877849568226606e-04 9.942750373066599080e-04 2.325192744772245079e-01 2.257050152205256621e-01 2.258430073333392574e-01
-5.750000000000000000e+01 5.489843714255887575e-01 4.272163184178423556e-01 4.224396727502467974e-01 2.362126364830343939e-01 2.285736453434801807e-01 2.282022084897385727e-01 1.113286271253655828e-04 5.036278796271366270e-05 8.227602552577934891e-05 1.885539444071401274e-03 2.941959314655744236e-03 2.304908047563722969e-03 2.380981759271058595e-01 2.315156046581359206e-01 2.305071165373022146e-01
-5.500000000000000000e+01 5.545793862247285766e-01 4.364154708359647694e-01 4.257073166544531051e-01 2.414334063808046826e-01 2.321744372612140339e-01 2.329122869017248576e-01 -9.336263546729161266e-05 -2.480978512937407409e-05 -5.840984878507314007e-05 8.102668600131489362e-04 8.291191922188848127e-04 1.398022017555350686e-03 2.422436732408178306e-01 2.330035564534329029e-01 2.343103089192803967e-01
-5.250000000000000000e+01 5.800903761856239793e-01 4.537885426934206157e-01 4.433107635256950396e-01 2.451657227619617185e-01 2.387623980698760640e-01 2.394839530338256084e-01 -6.062590354991736390e-05 -3.349569989398309830e-05 -2.310959443513726087e-05 2.688164249286026982e-03 1.186036298847965376e-03 1.575793220581223888e-03 2.478538870112477477e-01 2.399484343687241505e-01 2.410597462544067371e-01
-5.000000000000000000e+01 5.626504350496966955e-01 4.387062392813625422e-01 4.364225699818298776e-01 2.506747660492249508e-01 2.440253434778811570e-01 2.447336758977280702e-01 3.352978270724631680e-04 2.921050018547078709e-04 3.475813656726695175e-04 2.353443046245732760e-04 5.685922064983402711e-04 5.428362917930360139e-04 2.509101103538496358e-01 2.445939356843795376e-01 2.452765121895209843e-01
-4.750000000000000000e+01 5.838284814687693114e-01 4.399092424662117140e-01 4.539059765123862333e-01 2.589420908162399226e-01 2.494146801332043084e-01 2.508984221765129252e-01 9.167831500332183328e-05 5.397393037421150953e-05 2.170176400657236683e-05 4.081230590316118831e-03 2.473757999901778169e-03 1.443924435685981292e-03 2.630233214065560987e-01 2.518884381331060185e-01 2.523423466121988978e-01
-4.500000000000000000e+01 5.760285674111147447e-01 4.591649568914729640e-01 4.522503231304252358e-01 2.667519985033195429e-01 2.554215032413550968e-01 2.561744474298301988e-01 -6.152600191537769408e-05 -1.985666135729382756e-05 -5.534544596247916403e-05 2.151186312853195851e-03 4.461887484961830344e-04 1.105552044397523732e-03 2.689031848161725913e-01 2.558676919898513202e-01 2.572799994742277496e-01
-4.250000000000000000e+01 5.675941329963144488e-01 4.515885690024014631e-01 4.454267923629451897e-01 2.681835686763714421e-01 2.477403863769110370e-01 2.507708376433692710e-01 1.848704488787389041e-04 1.224543076090637943e-04 2.416529973042498677e-04 9.596643120200841872e-04 1.361951928077820241e-03 6.618502950800992041e-04 2.691432329883916008e-01 2.491023383049887074e-01 2.514326879384494173e-01
-4.000000000000000000e+01 8.260320535748095772e-01 4.364310169812392615e-01 4.302080513457554045e-01 2.857927132698583339e-01 2.392106498744314136e-01 2.420273662882749810e-01 5.399521584133283314e-01 1.971924114262222361e-01 1.881633657097281642e-01 2.871818916232223712e-04 2.795568058544940608e-05 1.731934775257589932e-05 2.860798951614816343e-01 2.392386055550168589e-01 2.420446856360276289e-01
-3.950000000000000000e+01 7.957659154391226730e-01 6.202990146639938418e-01 6.211721940598171621e-01 6.350048691083345354e-01 5.123749713855851873e-01 5.130016081354553670e-01 1.619321181077690575e-01 1.086837039108190933e-01 1.086877819728800654e-01 -1.171071776981248095e-03 -7.596606324104481205e-04 -5.171960485184257540e-04 6.338337973313534768e-01 5.116153107531750122e-01 5.124844120869367359e-01
-3.900000000000000000e+01 7.336870511699535857e-01 5.663467494361857923e-01 5.528811152918132743e-01 5.586249735532835548e-01 4.310176596967847384e-01 4.293401319695549501e-01 1.738003064973263900e-01 1.323730385802820431e-01 1.219340714974591761e-01 1.261771119343475713e-03 2.956051159119395515e-03 1.606911824798903585e-03 5.598867446726271124e-01 4.339737108559044154e-01 4.309470437943538901e-01
-3.850000000000000000e+01 6.987741761087655767e-01 4.876378534426008549e-01 4.757986320398320812e-01 4.950289201537490524e-01 3.657125756633866631e-01 3.621915722184143038e-01 1.987762966586930358e-01 1.198447026321129150e-01 1.084648399927906348e-01 4.968959296323362772e-03 2.080575147101338795e-03 5.142219828626996836e-03 4.999978794500720691e-01 3.677931508104880787e-01 3.673337920470415852e-01
-3.800000000000000000e+01 5.467064367522224133e-01 3.556423927722503486e-01 3.589284320291482033e-01 3.757782813867510674e-01 2.515196409889595142e-01 2.474463435641813258e-01 1.632945772749009039e-01 9.869991762981213113e-02 1.045791625229869903e-01 7.633578090570643238e-03 5.422834153478599262e-03 6.902925941979707637e-03 3.834118594773218702e-01 2.569424751424380649e-01 2.543492695061610465e-01
-3.750000000000000000e+01 5.593919354552638890e-01 3.914272475909071347e-01 3.729808596247530250e-01 3.641334323393170536e-01 2.408580903164193876e-01 2.329978237493578463e-01 1.921312648976429283e-01 1.473905263098065632e-01 1.388666643402222678e-01 3.127238218303651698e-03 3.178630964681080241e-03 1.116371535172924322e-03 3.672606705576207942e-01 2.440367212811005715e-01 2.341141952845307850e-01
-3.700000000000000000e+01 5.415653784980488661e-01 3.620617020321387214e-01 3.492115289406193535e-01 3.673080121165650525e-01 2.410509030727981394e-01 2.333358166938815370e-01 1.688234470516916386e-01 1.172650622138539239e-01 1.128459275956887747e-01 5.433919329792190681e-03 3.745736745486828029e-03 3.029784651048983597e-03 3.727419314463573108e-01 2.447966398182849501e-01 2.363656013449305648e-01
-3.650000000000000000e+01 5.365039374443537623e-01 3.318583876770984653e-01 3.508397785755173470e-01 3.698433193119690099e-01 2.432264755394589750e-01 2.342302366190401053e-01 1.620962764541662160e-01 8.649489545349878239e-02 1.156286642093117545e-01 4.564341678218593670e-03 2.137016684140598602e-03 9.808777471654415037e-04 3.744076609901876851e-01 2.453634922235996274e-01 2.352111143662056758e-01
-3.600000000000000000e+01 5.811009083981397705e-01 3.780475218925228864e-01 3.535538175282960660e-01 3.741980053652852467e-01 2.466340264628434920e-01 2.364806426074092249e-01 2.030973530837355823e-01 1.288199469356885174e-01 1.162004283693316847e-01 3.805549949118738548e-03 2.593548493990880961e-03 8.727465515550995347e-04 3.780035553144039384e-01 2.492275749568343413e-01 2.373533891589643952e-01
-3.550000000000000000e+01 5.509195986575313730e-01 3.586355368099689578e-01 3.419959667823918026e-01 3.747200826872398305e-01 2.469878242610137054e-01 2.374286939314355638e-01 1.638355388086719377e-01 1.046819572224735456e-01 9.660310458595910976e-02 1.236397716161981644e-02 6.965755326481848191e-03 7.964168264997016286e-03 3.870840598488595186e-01 2.539535795874955926e-01 2.453928621964326651e-01
-3.500000000000000000e+01 5.644572842601238705e-01 3.580963316975937505e-01 3.623057105020673352e-01 3.741404352655258170e-01 2.468288962978675283e-01 2.381368260336819975e-01 1.860744520643111133e-01 1.095157120667624717e-01 1.202499472159092725e-01 4.242396930286806631e-03 1.751723332963505894e-03 3.918937252475922922e-03 3.783828321958128682e-01 2.485806196308311955e-01 2.420557632861579933e-01
-3.450000000000000000e+01 5.370200684083863418e-01 3.588358493425921614e-01 3.513362861466515774e-01 3.744224970142921438e-01 2.479169107876733336e-01 2.400637347005682987e-01 1.581980406081703039e-01 1.080743910524124690e-01 1.070733054103412962e-01 4.399530785923908872e-03 2.844547502506519689e-03 4.199246035741956498e-03 3.788220278002160657e-01 2.507614582901798728e-01 2.442629807363101702e-01
-3.400000000000000000e+01 5.242703982183829492e-01 3.461012634143220135e-01 3.416718750485246425e-01 3.743182327747283655e-01 2.476037416068256891e-01 2.389995332895850089e-01 1.476983411289505832e-01 9.824721520820273168e-02 9.949568972709448011e-02 2.253824314704201692e-03 2.503065992937251040e-04 3.176652031845094131e-03 3.765720570894323660e-01 2.478540482061195038e-01 2.421761853214301485e-01
-3.350000000000000000e+01 5.516968453457832267e-01 3.542493455049651185e-01 3.826623733722937515e-01 3.760771373557358910e-01 2.462959693417405560e-01 2.406377429959346559e-01 1.646633273340296078e-01 9.948268602833368335e-02 1.371677993416013930e-01 1.095638065601732894e-02 8.470690134890797654e-03 4.856831034757951547e-03 3.870335180117532858e-01 2.547666594766314629e-01 2.454945740306924695e-01
-3.300000000000000000e+01 5.594444694969257226e-01 3.673883134420324326e-01 3.732680639778337417e-01 3.839444256262680155e-01 2.488176969103101654e-01 2.431837668057652835e-01 1.663836836388574159e-01 1.125814664888422773e-01 1.277876256048513515e-01 9.116360231800397021e-03 5.989150042879962978e-03 2.296671567216794930e-03 3.930607858580685843e-01 2.548068469531902247e-01 2.454804383729821682e-01
-3.250000000000000000e+01 5.155690783304376357e-01 3.394680148782696638e-01 3.329203553586110864e-01 3.866120619147181414e-01 2.461586719777783816e-01 2.433071995700216705e-01 1.267183043225858785e-01 9.364495590057385355e-02 8.799183212506289653e-02 2.238712093133617478e-03 -3.356130000825208095e-04 1.621323663526604572e-03 3.888507740078517849e-01 2.458230589776960739e-01 2.449285232335482176e-01
-3.200000000000000000e+01 5.569888653543384471e-01 3.601887698309061414e-01 3.546560688249308924e-01 3.848606257981657675e-01 2.474822744604819325e-01 2.429182556887421740e-01 1.635126016897121837e-01 1.086608166385056445e-01 1.050058484843924278e-01 8.615637866460411007e-03 4.045678731918400488e-03 6.731964651796476171e-03 3.934762636646261247e-01 2.515279531924004552e-01 2.496502203405385201e-01
-3.150000000000000000e+01 5.775378261351549192e-01 3.537955298957041195e-01 3.610347796425879552e-01 3.861488965376221327e-01 2.489247114016187312e-01 2.456372772903767376e-01 1.788593897150242695e-01 9.439249047719167063e-02 1.047779067195631630e-01 1.252953988250841803e-02 1.047832801689357191e-02 1.061959563264800940e-02 3.986784364201307329e-01 2.594030394185125044e-01 2.562568729230246811e-01
-3.100000000000000000e+01 5.580827612715222319e-01 3.518301030628986359e-01 3.759882747527480973e-01 3.833495292486276962e-01 2.475915537316095427e-01 2.456008098712434695e-01 1.735555147009764099e-01 1.029769726569846749e-01 1.306924824370998273e-01 1.177717321917727718e-03 1.261576674304424510e-03 -3.050175555953455386e-04 3.845272465705454334e-01 2.488531304059139748e-01 2.452957923156481590e-01
-3.050000000000000000e+01 5.446445463024768285e-01 3.471401173867795231e-01 3.476144236273533972e-01 3.858117157938441566e-01 2.462730288338353946e-01 2.463057031406950259e-01 1.554332393992698402e-01 9.911734870974027445e-02 9.957158431781040764e-02 3.399591109362833010e-03 1.749739843203836553e-03 1.737136168847748735e-03 3.892113069032071548e-01 2.480227686770394291e-01 2.480428393095427397e-01
-3.000000000000000000e+01 5.828454659571462582e-01 3.640032898368904535e-01 3.759276879441869612e-01 3.875683861229579641e-01 2.478305593974150789e-01 2.493760684244148151e-01 1.964482157191873024e-01 1.155142784807703521e-01 1.270985252798058629e-01 -1.171135884998963884e-03 6.584519587050545811e-04 -5.469057600338686140e-04 3.863972502379591778e-01 2.484890113561201708e-01 2.488291626643810150e-01
-2.950000000000000000e+01 5.798297844971750381e-01 3.562850318173136910e-01 3.718674204130643646e-01 3.885254545892615763e-01 2.468876870314586913e-01 2.502789618881946510e-01 1.914422832019829768e-01 1.086009355039896651e-01 1.214524299727072487e-01 -1.379532940692354732e-04 7.964092818651927370e-04 1.360285521623808198e-04 3.883875012951923944e-01 2.476840963133240259e-01 2.504149904403570326e-01
-2.900000000000000000e+01 5.172413245505933510e-01 3.296847307937597615e-01 3.383287038558396853e-01 3.896421306850231803e-01 2.486237720374413762e-01 2.529238992095375060e-01 1.213330953970274823e-01 7.832013097571298432e-02 7.991367246427903692e-02 6.266098468542913129e-03 2.740827780605258751e-03 5.491132182023242096e-03 3.959082291535658826e-01 2.513645998180468188e-01 2.584150313915606345e-01
-2.850000000000000000e+01 4.901830588902351127e-01 3.301284419511702484e-01 3.190316340023587882e-01 3.864342360188103842e-01 2.495147715178221981e-01 2.506978421681576030e-01 9.663124064704507743e-02 7.771817953368737042e-02 6.624202215720056963e-02 7.117582224379407317e-03 2.895490899660677249e-03 2.091769677000763009e-03 3.935518182431898548e-01 2.524102624174829335e-01 2.527896118451584129e-01
-2.800000000000000000e+01 5.273233698690250604e-01 3.417905282624871255e-01 3.224594852991189420e-01 3.845448322127998364e-01 2.499855344260309975e-01 2.507193526393372562e-01 1.357458182584814765e-01 8.929660712937119438e-02 7.053127308278230034e-02 7.032719397743367531e-03 2.508386707084705493e-03 1.208859576999537404e-03 3.915775516105434173e-01 2.524939211331158062e-01 2.519282122163367110e-01
-2.750000000000000000e+01 5.439982730442826098e-01 3.455080574674344041e-01 3.689072879968406937e-01 3.846496353195066331e-01 2.505236115516686901e-01 2.535254805046592286e-01 1.563997003704392097e-01 9.314262665742409353e-02 1.118409814694989596e-01 2.948937354336768693e-03 1.841819258341487273e-03 3.540826022682674705e-03 3.875985726738431780e-01 2.523654308100102273e-01 2.570663065273417480e-01
-2.700000000000000000e+01 4.992733536600961752e-01 3.160924858096270107e-01 3.452985720278834991e-01 3.850244102119260714e-01 2.498393178220930655e-01 2.534341314608124507e-01 1.083603377454927380e-01 6.104587317717941053e-02 8.601625108402073672e-02 5.888605702677010209e-03 5.207294810354578043e-03 5.848189483050274425e-03 3.909130159146033123e-01 2.550466126324475447e-01 2.592823209438627763e-01
-2.650000000000000000e+01 5.293375908904190963e-01 3.459366622864065155e-01 3.365141375938966450e-01 3.845572963791855647e-01 2.489735458469700125e-01 2.512069099221939106e-01 1.408072819084047744e-01 9.578484877986269408e-02 8.554670853684660792e-02 3.973012602828902839e-03 1.178267659573853854e-03 -2.394808651438153698e-04 3.885303089820146827e-01 2.501518135065438631e-01 2.509674290570500510e-01
-2.600000000000000000e+01 5.640082027888196903e-01 3.673453953845121633e-01 3.561243682301713509e-01 3.886461501308538513e-01 2.511992729897816745e-01 2.523516596613568641e-01 1.689645748392021585e-01 1.121967129545978770e-01 1.010211213342504522e-01 6.397477818763750747e-03 3.949409440132447061e-03 2.751587234563983037e-03 3.950436279496173375e-01 2.551486824299142309e-01 2.551032468959208988e-01
-2.550000000000000000e+01 5.532052886614932108e-01 3.581128855439667524e-01 3.581634169795304135e-01 3.890111134977827789e-01 2.524402102264505232e-01 2.530904572361014626e-01 1.612745918166068049e-01 1.032216777515139877e-01 1.019145521483354605e-01 2.919583347103607042e-03 2.450997566002375942e-03 3.158407595093460415e-03 3.919306968448862949e-01 2.548912077924525565e-01 2.562488648311950223e-01
-2.500000000000000000e+01 5.142874018808896164e-01 3.387514683464381560e-01 3.433579260651412612e-01 3.882464211517887565e-01 2.520552270898305247e-01 2.537869458828835301e-01 1.213222409817791975e-01 8.519542129145504794e-02 8.597587599021933036e-02 4.718739747321672867e-03 1.500819965152901201e-03 3.595104192038370457e-03 3.929651608991103773e-01 2.535560470549831913e-01 2.573820500749219309e-01
-2.450000000000000000e+01 4.993844804337680965e-01 3.346749759678731007e-01 3.328402562562682299e-01 3.875089085482530948e-01 2.534056876774968825e-01 2.532605275202060580e-01 1.087417665440359310e-01 8.013322056404062477e-02 7.656855722622339655e-02 3.133805341479024668e-03 1.136067726335656270e-03 3.011171509838686013e-03 3.906427138897321516e-01 2.545417554038325592e-01 2.562716990300447639e-01
-2.400000000000000000e+01 5.271900750444777906e-01 3.278421867030670844e-01 3.397180512646266193e-01 3.867733127069841181e-01 2.531230438017553763e-01 2.526524810113207065e-01 1.343238040485545126e-01 7.124021213523797080e-02 8.433202316305346558e-02 6.092958288939129448e-03 3.478930766073634086e-03 2.733547090252484973e-03 3.928662709959233057e-01 2.566019745678290720e-01 2.553860281015731815e-01
-2.350000000000000000e+01 5.511784376823311016e-01 3.624862350296982894e-01 3.511074583624422818e-01 3.931524011735235136e-01 2.551344788796222618e-01 2.554152850777671180e-01 1.553500874870732407e-01 1.044993875266545524e-01 9.382567992197519968e-02 2.675949021734006471e-03 2.852368623421508084e-03 1.866493362699828389e-03 3.958283501952575834e-01 2.579868475030437369e-01 2.572817784404670127e-01
-2.300000000000000000e+01 5.507865198382203564e-01 3.696870190631153519e-01 3.543113436703522190e-01 3.921366097161550490e-01 2.551903068481807257e-01 2.553128633990863761e-01 1.574556634866400850e-01 1.124096689865231036e-01 9.757683727827728970e-02 1.194246635425325791e-03 2.087043228411606700e-03 1.421642992988602673e-03 3.933308563515802714e-01 2.572773500765921928e-01 2.567345063920751236e-01
-2.250000000000000000e+01 5.260754278323404032e-01 3.452084779509465573e-01 3.442769045562341090e-01 3.901458185439795057e-01 2.554116988843740943e-01 2.543723741489392620e-01 1.335585359404165007e-01 8.788136590402279014e-02 8.812027996271323826e-02 2.371073347944133158e-03 1.915413162549808391e-03 1.784250444581432244e-03 3.925168918919238470e-01 2.573271120469237672e-01 2.561566245935207875e-01
-2.200000000000000000e+01 5.139522711485927653e-01 3.214214347397010840e-01 3.391544180406481090e-01 3.888755800722086819e-01 2.546540920954957765e-01 2.561250890385329826e-01 1.216653046304998209e-01 6.475442296261102459e-02 8.114833319266631650e-02 3.411386445884172659e-03 2.012919681594257763e-03 1.880995809448853754e-03 3.922869665180928611e-01 2.566670117770901149e-01 2.580060848479817093e-01
-2.150000000000000000e+01 4.919465584521330315e-01 3.211689828731551510e-01 3.102408936210651613e-01 3.899619909001202922e-01 2.547586269013043525e-01 2.579106586946204871e-01 1.009907374040437955e-01 6.834175728931371485e-02 5.338117573308348573e-02 9.938301479687219279e-04 -1.931401317462903746e-03 -1.050940806638885668e-03 3.909558210480891804e-01 2.528272255838414639e-01 2.568597178879817311e-01
-2.100000000000000000e+01 5.179249201705643513e-01 3.319706439481710514e-01 3.517530495166381610e-01 3.914925327706073044e-01 2.538097537731119346e-01 2.581028805898366030e-01 1.223589935709931825e-01 7.586551109653401348e-02 9.227676427674089132e-02 4.073393828963670950e-03 2.295379078525138818e-03 1.373404650060654772e-03 3.955659265995709606e-01 2.561051328516372183e-01 2.594762852398972974e-01
-2.050000000000000000e+01 5.182262058477196121e-01 3.475781693598978817e-01 3.297316919328102114e-01 3.915386408129695739e-01 2.558308838391445961e-01 2.581420142950148766e-01 1.252289773457856970e-01 9.268296970321471262e-02 7.214829382271686908e-02 1.458587688964498854e-03 -9.356841824615772006e-04 -5.586161849214900735e-04 3.929972285019338596e-01 2.548951996566828360e-01 2.575833981100935088e-01
-2.000000000000000000e+01 5.069130897495958132e-01 3.393803501885488405e-01 3.464488454003324391e-01 3.939029929694903287e-01 2.563990470615036821e-01 2.584263675625950718e-01 1.129511090085685843e-01 8.144878846353592605e-02 8.816542622485248892e-02 5.898777153691926251e-05 1.532514663509239967e-03 -1.429483871151094460e-04 3.939619807410273400e-01 2.579315617250129700e-01 2.582834191754800335e-01
-1.950000000000000000e+01 4.905409834406627700e-01 3.257344148176335441e-01 3.260344269839292042e-01 3.944471451386636351e-01 2.561233378614958256e-01 2.571181439943768798e-01 9.072491581366669278e-02 6.643175602130936552e-02 6.631175133011410483e-02 5.368922488332494164e-03 3.179320934828300943e-03 2.604531659438308420e-03 3.998160676269963409e-01 2.593026587963240814e-01 2.597226756538152381e-01
-1.900000000000000000e+01 5.035053826444552127e-01 3.375992971794004593e-01 3.324400561573001012e-01 3.979512989434129122e-01 2.564951656690739323e-01 2.591770179697412413e-01 1.017137754802198979e-01 7.928635487549348659e-02 7.179482633535794189e-02 3.840308220822507591e-03 1.817776634832939586e-03 1.468211852200902810e-03 4.017916071642352316e-01 2.583129423039068895e-01 2.606452298219422148e-01
-1.850000000000000000e+01 5.485629299578037577e-01 3.541165171033771597e-01 3.630511634108826713e-01 3.954185056114777330e-01 2.556061031611882028e-01 2.592850203674850196e-01 1.524945892677025683e-01 9.613584045960063551e-02 1.001342216009794561e-01 6.498350786232510046e-04 2.374573482588163489e-03 3.631921442418096710e-03 3.960683406901011061e-01 2.579806766437763854e-01 2.629169418099031597e-01
-1.800000000000000000e+01 5.351848631788108657e-01 3.580153017952642513e-01 3.361469803410953028e-01 3.972202337567527497e-01 2.540021630382938711e-01 2.584578421261934933e-01 1.342563295843795523e-01 1.015879909833009020e-01 7.691367452727344844e-02 3.708299837678370649e-03 2.425147773669441773e-03 7.754636876284039769e-04 4.009285335944310913e-01 2.564273108119634048e-01 2.592333058138219792e-01
-1.750000000000000000e+01 5.172748152201711580e-01 3.346471323303041867e-01 3.403520652977989336e-01 3.977899934219280564e-01 2.546073824711149181e-01 2.599666176666371453e-01 1.149109168200428688e-01 7.697338836712117049e-02 7.645424512781799631e-02 4.573904978200392379e-03 3.066361492068113773e-03 3.931202503343972365e-03 4.023638984001283170e-01 2.576737439631830440e-01 2.638978201699810344e-01
-1.700000000000000000e+01 5.056268595777400066e-01 3.282692375926112849e-01 3.258607700855616907e-01 4.002415692482402809e-01 2.569314475560834365e-01 2.599376599836405455e-01 1.002399827917198061e-01 6.880674829534036419e-02 6.260649966024084412e-02 5.145307537779666290e-03 2.531041741187367491e-03 3.316610441680271134e-03 4.053868767860200895e-01 2.594624892972708374e-01 2.632542704253206800e-01
-1.650000000000000000e+01 4.952872401255881685e-01 3.121095482366185170e-01 3.176945663833461442e-01 3.990556179502198764e-01 2.560960111007020701e-01 2.582526867980645680e-01 8.724897765911603098e-02 5.133922822190131741e-02 5.502024567001313760e-02 8.982644516252160510e-03 4.674308914015208420e-03 4.421633915268482866e-03 4.080382624664721236e-01 2.607703200147172273e-01 2.626743207133330760e-01
-1.600000000000000000e+01 5.354455912621377545e-01 3.273156782366773987e-01 3.631999131388050084e-01 3.973100290685682712e-01 2.570941000489932460e-01 2.589773345702290896e-01 1.332578323763068673e-01 6.758696709943866343e-02 1.025963822196870184e-01 4.877729817262710550e-03 2.634611088245644109e-03 1.626196348888785375e-03 4.021877588858309149e-01 2.597287111372388324e-01 2.606035309191179206e-01
-1.550000000000000000e+01 5.472808887254108079e-01 3.581797467225815712e-01 3.637542121115687754e-01 3.957148099246544648e-01 2.564062094214344389e-01 2.579610732615083557e-01 1.505428721446206153e-01 1.016828339911600015e-01 1.039256833153877208e-01 1.023206656135877430e-03 9.070330998695128478e-05 1.867455534672695077e-03 3.967380165807901649e-01 2.564969127314215003e-01 2.598285287961810130e-01
-1.500000000000000000e+01 5.236433103048541149e-01 3.624599890603245611e-01 3.558431702068433067e-01 3.947579011241512115e-01 2.568978761632547680e-01 2.569219165867092092e-01 1.283457647513403244e-01 1.036386453537719160e-01 9.601575031782909331e-02 5.396444293627193547e-04 1.923467543298122955e-03 2.905503302305163359e-03 3.952975455535138183e-01 2.588213437065528533e-01 2.598274198890144215e-01
-1.450000000000000000e+01 4.869297587502861568e-01 3.247298982482098029e-01 3.196993689276275141e-01 3.970750715838192169e-01 2.579000175882024126e-01 2.568538961534707621e-01 8.851235191720925599e-02 6.523160953440679255e-02 6.215115007469147745e-02 1.342335249257750563e-03 1.598271125600495566e-03 6.943226994653073272e-04 3.984174068330769702e-01 2.594982887138030381e-01 2.575482188529361061e-01
-1.400000000000000000e+01 5.035072001628364546e-01 3.260656826018643040e-01 3.388975345015788898e-01 3.956323151370952917e-01 2.562940904223436900e-01 2.539150018214296201e-01 1.093926092067161598e-01 7.113199773623828104e-02 8.554723513461143236e-02 -1.517724180975061569e-03 -1.360405556717584436e-03 -5.647024544621540411e-04 3.941145909561204475e-01 2.549336848656262311e-01 2.533502993669674019e-01
-1.350000000000000000e+01 4.887010825062123587e-01 3.223094410052823600e-01 3.071774605810486114e-01 3.976969983827154942e-01 2.569061789481374425e-01 2.534520511462201586e-01 9.077772872119661829e-02 6.606689398423008786e-02 5.357657330861460843e-02 2.263554023000365154e-04 -6.636319270852880170e-04 1.488361262138156941e-04 3.979233537850154767e-01 2.562425470210522027e-01 2.536008872724340169e-01
-1.300000000000000000e+01 5.320699877382619736e-01 3.427599103784839119e-01 3.462294517219679513e-01 4.025819151686139685e-01 2.575008201837228339e-01 2.555473572124669079e-01 1.232590428092054102e-01 8.113703280403188056e-02 8.878967894026484897e-02 6.229029760442627781e-03 4.122057390729285016e-03 1.892415569236224069e-03 4.088109449290563968e-01 2.616228775744520729e-01 2.574397727817031023e-01
-1.250000000000000000e+01 5.112993798428749903e-01 3.301573156421150901e-01 3.308954842677293562e-01 4.041065031578709998e-01 2.562528959979319398e-01 2.549665859141763136e-01 1.034340973106589040e-01 7.231313256279647828e-02 7.202049498008272765e-02 3.758779374345013607e-03 1.591287081386644859e-03 3.908403373470206547e-03 4.078652825322161002e-01 2.578441830793186673e-01 2.588749892876465175e-01
-1.200000000000000000e+01 4.965430512472949753e-01 3.250255500820369292e-01 3.108912777827421703e-01 4.044601546198105524e-01 2.557110197373408389e-01 2.534765177023160510e-01 8.942918314587616768e-02 6.778621673895030009e-02 5.569435697060023949e-02 2.653713481608279551e-03 1.528313605745888456e-03 1.720403109825697271e-03 4.071138681014188632e-01 2.572393333430867401e-01 2.551969208121416810e-01
-1.150000000000000000e+01 5.156549309865140485e-01 3.259541838958117665e-01 3.187448678963604731e-01 4.064431537232088831e-01 2.532318290347241319e-01 2.548285964811027315e-01 1.088815112827153792e-01 7.195292145773370118e-02 6.345134789301692946e-02 3.302659805896883296e-04 7.694334033539459777e-04 4.649235222408465494e-04 4.067734197037984889e-01 2.540012624380780792e-01 2.552935200033436547e-01
-1.100000000000000000e+01 5.343998958335089977e-01 3.432252209611899585e-01 3.550223357707686378e-01 4.058012636012764962e-01 2.530540953913174573e-01 2.527610206355672684e-01 1.261853689971840220e-01 8.868102153284240785e-02 1.004100660279604318e-01 2.413263235048671192e-03 1.490104037030310366e-03 1.851249107241061641e-03 4.082145268363249202e-01 2.545441994283477727e-01 2.546122697428081505e-01
-1.050000000000000000e+01 5.075231856584957457e-01 3.191199092522124525e-01 3.203339715389480480e-01 4.074289162707803169e-01 2.511381441348974342e-01 2.530413569542576124e-01 9.047717260382553972e-02 6.307976902052604695e-02 6.407392136963696583e-02 9.617096783889727760e-03 4.901996096789057282e-03 3.218693215053493144e-03 4.170460130546700395e-01 2.560401402316863639e-01 2.562600501693111377e-01
-1.000000000000000000e+01 5.319721902066126829e-01 3.353365534859720776e-01 3.325443597382552463e-01 4.102617081864398108e-01 2.496045911926093319e-01 2.548115889744744789e-01 1.188832531708998441e-01 8.246826172086667295e-02 7.695244643280042818e-02 2.827228849273186705e-03 3.263700572495981198e-03 7.803243309802818019e-04 4.130889370357129775e-01 2.528682917651052242e-01 2.555919133054548320e-01
-9.500000000000000000e+00 4.852698886672133227e-01 3.092698417142579759e-01 3.104287252918631057e-01 4.126236022568946504e-01 2.489698448965785849e-01 2.561406360173582031e-01 7.413411228487409854e-02 6.079076383611770745e-02 5.570066045249766340e-02 -1.487825874555522747e-03 -4.907670184382997413e-04 -1.412571177992572122e-03 4.111357763823388356e-01 2.484790778781402754e-01 2.547280648393656088e-01
-9.000000000000000000e+00 4.907604121590514734e-01 3.179936507169378035e-01 3.152406640765109680e-01 4.117578894951632873e-01 2.502767644267022140e-01 2.543033593990264296e-01 7.832932881166616845e-02 6.632269488854332373e-02 5.895918189846351826e-02 6.731938522221994842e-04 1.394191401692349225e-03 1.978122779021112502e-03 4.124310833473854299e-01 2.516709558283945491e-01 2.562814821780474706e-01
-8.500000000000000000e+00 5.268315886369969725e-01 3.373256030476073364e-01 3.225210995211709730e-01 4.101959196700932786e-01 2.507220718395867798e-01 2.531499121538252073e-01 1.167615353992779992e-01 8.602547999065696116e-02 6.929540769773340214e-02 -1.258664323744467970e-04 5.780512173636758854e-04 7.577966961230324882e-05 4.100700532377188345e-01 2.513001230569503752e-01 2.532256918234374599e-01
-8.000000000000000000e+00 5.147957952831907491e-01 3.129977734218680752e-01 3.163354002468145021e-01 4.048339983864849279e-01 2.513750398942468101e-01 2.527733421920050905e-01 1.083696678509350197e-01 5.833446062014562700e-02 6.136547361836813819e-02 1.592129045770950468e-03 3.288272907475648515e-03 2.196584436440972461e-03 4.064261274322559236e-01 2.546633128017223857e-01 2.549699266284461974e-01
-7.500000000000000000e+00 4.924167483741212492e-01 3.093376114458756820e-01 3.214506594922320049e-01 4.072139673819375472e-01 2.540934020101392465e-01 2.519939423540842882e-01 8.620521470960648691e-02 5.464711417140460242e-02 6.702541981686045702e-02 -1.002433717422413417e-03 5.970952643319672997e-04 2.431297321287230993e-03 4.062115336645150121e-01 2.546904972744712392e-01 2.544252396753715062e-01
-7.000000000000000000e+00 4.719529408579722363e-01 2.845880160854126206e-01 2.967873994098897961e-01 4.096436410928365190e-01 2.551288621005763924e-01 2.528286344380625272e-01 6.144001343180895830e-02 2.949566386935733447e-02 4.296898752708953190e-02 8.692863333268293930e-04 -3.650988452114595575e-05 9.897774447376341510e-04 4.105129274261634098e-01 2.550923522160551959e-01 2.538184118828001323e-01
-6.500000000000000000e+00 4.826330474669054404e-01 3.085359311399423765e-01 3.004642736237281841e-01 4.086977048149409431e-01 2.583429144459342686e-01 2.526223350853687988e-01 6.855485712300900258e-02 4.695897922337555208e-02 4.527993490519554437e-02 5.380485528955406341e-03 3.234037470632611377e-03 2.562003633163862249e-03 4.140781903438963130e-01 2.615769519165668244e-01 2.551843387185327439e-01
-6.000000000000000000e+00 5.048016241003926430e-01 3.199743567198810035e-01 3.092667867962463069e-01 4.096053687652545516e-01 2.583252056676381136e-01 2.515567778549907541e-01 8.630197831221197990e-02 5.587854880414689501e-02 5.270486148161210305e-02 8.894277022926132259e-03 5.770602248095875984e-03 5.005147459643409860e-03 4.184996457881808296e-01 2.640958079157339489e-01 2.565619253146342316e-01
-5.500000000000000000e+00 5.009832835062838496e-01 3.144647708913949624e-01 3.107576373460639863e-01 4.098143653476803427e-01 2.579611490642105820e-01 2.517133883525166649e-01 8.729909449405648392e-02 5.269646846513853511e-02 5.691464017840358602e-02 3.869823664547146578e-03 3.807153362045873068e-03 2.129608815143791290e-03 4.136841890122273102e-01 2.617683024262564273e-01 2.538429971676603447e-01
-5.000000000000000000e+00 4.984495169410079751e-01 3.192497134006604953e-01 3.213270523524514033e-01 4.092603219672537040e-01 2.587070466697390936e-01 2.508046212963329080e-01 8.606795157440824684e-02 5.919947025151892084e-02 6.873226232282174386e-02 3.121243399346094061e-03 1.343196479402597975e-03 1.790168733296721056e-03 4.123815653665996450e-01 2.600502431491417688e-01 2.525947900296297011e-01
-4.500000000000000000e+00 5.028211857696522902e-01 3.275497709034458915e-01 3.053156639742937717e-01 4.036387482937051074e-01 2.580749448575430094e-01 2.490179336505043139e-01 9.914221412960992630e-02 6.864583240546875964e-02 5.568625674286201144e-02 4.022334633748174214e-05 8.289936404340853037e-04 6.114735809275383517e-04 4.036789716400424610e-01 2.589039384979769931e-01 2.496294072314318435e-01
-4.000000000000000000e+00 5.152761293973570078e-01 3.279471729278641834e-01 3.096154324527261026e-01 4.060613381419818091e-01 2.579157706652857041e-01 2.537409311090894071e-01 1.054149689133413725e-01 7.028307288613208637e-02 5.596599407776285673e-02 3.799822342033310971e-03 -2.516706235534779570e-04 -9.149273412614130393e-05 4.098611604840154410e-01 2.576641000417322358e-01 2.536494383749632875e-01
-3.500000000000000000e+00 5.088653910621258047e-01 3.170297142363126541e-01 3.210137141152266116e-01 4.067874218642948958e-01 2.566847592770299946e-01 2.522222482109928721e-01 9.714876883902878735e-02 5.507336497800161684e-02 6.309649029755015626e-02 4.929200358802369661e-03 5.271589981281276857e-03 5.694975606683491329e-03 4.117166222230973505e-01 2.619563492583111275e-01 2.579172238176762333e-01
-3.000000000000000000e+00 5.215675785752058591e-01 3.327706250139147448e-01 3.169279604932289662e-01 4.081066473332113920e-01 2.558088194406289984e-01 2.525989550600736266e-01 1.110818988920244665e-01 7.410447192117392001e-02 6.358510651274439096e-02 2.379032349969719112e-03 2.857333652112061060e-03 7.438989204110155228e-04 4.104856796831811705e-01 2.586661530927410468e-01 2.533428539804845614e-01
-2.500000000000000000e+00 4.821929720469826375e-01 2.977795745729800991e-01 2.946093268068432081e-01 4.081732164561834852e-01 2.548869874227454591e-01 2.538183801338101397e-01 6.374108559105799710e-02 4.103473201105097001e-02 3.591681935736876219e-02 1.027866999974110136e-02 1.857855139183598077e-03 4.874127315664357300e-03 4.184518864559248486e-01 2.567448425619290320e-01 2.586925074494743626e-01
-2.000000000000000000e+00 4.589009253307817504e-01 2.878296583800873942e-01 2.883966201062623802e-01 4.079247652397869350e-01 2.537264270076210471e-01 2.545758482368711273e-01 4.912128706398551092e-02 3.404952414651332693e-02 3.360568718694447593e-02 1.854873027009326138e-03 5.370722595295719702e-05 2.150846824466948475e-04 4.097796382667963644e-01 2.537801342335742616e-01 2.547909329193178141e-01
-1.500000000000000000e+00 4.843208746700060074e-01 3.127504362730810783e-01 3.123092040218665710e-01 4.085192284811632879e-01 2.535578192695864264e-01 2.546545821712202229e-01 7.772375312007852310e-02 6.025853558807058724e-02 5.942936441120419411e-02 -1.922106931235624885e-03 -1.065918584575857022e-03 -1.774742560557812350e-03 4.065971215499276648e-01 2.524919006850104841e-01 2.528798396106623492e-01
-1.000000000000000000e+00 4.672923402152456829e-01 3.001752068380112437e-01 2.981212767980099820e-01 4.055252313873297099e-01 2.517497104776459937e-01 2.563905125420163356e-01 6.430574551805476324e-02 5.020342144747947516e-02 4.384129881342948426e-02 -2.538636690138665331e-03 -1.777925087114109841e-03 -2.110534557435917585e-03 4.029865946971910584e-01 2.499717853905318865e-01 2.542799779845805186e-01
-5.000000000000000000e-01 4.736044205327024081e-01 2.985645253743185457e-01 3.171979682168683534e-01 4.083180681235195619e-01 2.523086704780098666e-01 2.566661156485645634e-01 6.623784553954378818e-02 4.788142358309053354e-02 6.017404369279046733e-02 -9.514931303609428306e-04 -1.625568686781702450e-03 3.578088755134877039e-04 4.073665749931584812e-01 2.506831017912282134e-01 2.570239245240780179e-01
0.000000000000000000e+00 4.872846673824269281e-01 3.058522566036138701e-01 3.035161289057309308e-01 4.054630520188653997e-01 2.527162801606798737e-01 2.538103800345479222e-01 8.094103496910902418e-02 5.312075288125336220e-02 4.897088718929454992e-02 8.805803944525210500e-04 1.522356168053541730e-05 7.348616818885024332e-04 4.063436324133181121e-01 2.527315037223605287e-01 2.545452417164363879e-01
5.000000000000000000e-01 5.079982097842585809e-01 3.236837411582668134e-01 3.144592886591394687e-01 4.097200319092259013e-01 2.544755611218602054e-01 2.557704203617454097e-01 9.537594356317966038e-02 6.528781440055558827e-02 5.790345778505034957e-02 2.902234311853159245e-03 3.920365635851060480e-03 7.854105123436881490e-04 4.126222662210788927e-01 2.583959267577111696e-01 2.565558308740890081e-01
1.000000000000000000e+00 5.163566303618768449e-01 3.295899067319879028e-01 3.353649978487256988e-01 4.091463187287411873e-01 2.565082537194703360e-01 2.532040042601920726e-01 1.071032781840062648e-01 7.112577190928687232e-02 7.945982086913337683e-02 1.070334491291846250e-04 1.955881103230544364e-03 2.701172719400217297e-03 4.092533521778705663e-01 2.584641348227009749e-01 2.559051769795921971e-01
1.500000000000000000e+00 5.301925341100689471e-01 3.311406968851094978e-01 3.184006945961062596e-01 4.108415400781137983e-01 2.551658512975550352e-01 2.544466934453399332e-01 1.131831085440890283e-01 7.132574798251799242e-02 6.273009020787946588e-02 6.167885487865943511e-03 4.649097605036485795e-03 1.223910942886895876e-03 4.170094255659799187e-01 2.598149489025916581e-01 2.556706043882268076e-01
2.000000000000000000e+00 4.896955981692059368e-01 3.177138384695314954e-01 3.289600973331741063e-01 4.120093329519184389e-01 2.567636520486886176e-01 2.540568571286512256e-01 7.456098728335176784e-02 5.724355576130011475e-02 7.148645288989201318e-02 3.125277933936023659e-03 3.706630659542762673e-03 3.416787314630858816e-03 4.151346108858540718e-01 2.604702827082313044e-01 2.574736444432820792e-01
2.500000000000000000e+00 4.908885418384394961e-01 3.031238260253656391e-01 3.090559927196202539e-01 4.081498215278981934e-01 2.552316881685726679e-01 2.528438189093681898e-01 7.880934042858758759e-02 4.371402790216333961e-02 5.141157649984582495e-02 3.929379881953842628e-03 4.178109954629601226e-03 4.800597310406259054e-03 4.120792014098519918e-01 2.594097981232024175e-01 2.576444162197744636e-01
3.000000000000000000e+00 4.857043726463911582e-01 3.010907174930754771e-01 2.812410958662314164e-01 4.102586656306149715e-01 2.552660724797939928e-01 2.506486111824352547e-01 7.484243423060171763e-02 4.408679492061711586e-02 3.182536384324323453e-02 6.032727851745377668e-04 1.737850092664402829e-03 -1.232879159446898486e-03 4.108619384157895515e-01 2.570039225724584098e-01 2.494157320229881958e-01
3.500000000000000000e+00 4.963498300694870746e-01 3.059669884342220425e-01 2.951765195886414395e-01 4.121549020503014193e-01 2.558350825171598064e-01 2.519124963239026127e-01 8.244888152857740571e-02 4.800899954943310677e-02 4.165583224408571372e-02 1.746046490608462723e-03 2.122906367629252052e-03 1.608191020653083978e-03 4.139009485409097522e-01 2.579579888847888247e-01 2.535206873445556841e-01
4.000000000000000000e+00 4.657558615407995095e-01 3.005701743859849895e-01 2.924446585964765588e-01 4.120706832603910907e-01 2.542205688604695091e-01 2.490410547723481693e-01 5.096012822511945817e-02 4.114919861958962755e-02 3.544842008408920220e-02 2.725050055289297141e-03 5.200406905926038478e-03 7.955183740039150839e-03 4.147957333156803150e-01 2.594209757663955007e-01 2.569962385123873982e-01
4.500000000000000000e+00 4.821900335271683824e-01 2.980757232803087353e-01 2.933431087529190240e-01 4.110271406496961988e-01 2.545335060571629615e-01 2.477489430231343825e-01 6.992293526928781977e-02 4.359805864754677518e-02 4.475304902703428761e-02 1.239957608184791456e-03 -5.584142440096622313e-05 8.411167027503234708e-04 4.122670982578809373e-01 2.544776646327620018e-01 2.485900597258846600e-01
5.000000000000000000e+00 4.610493344545396610e-01 2.885343386587578274e-01 2.820376185541682568e-01 4.092823129589996389e-01 2.514131887811090205e-01 2.458845994673137525e-01 5.043194916375339648e-02 3.522904452175266293e-02 3.542203969639770578e-02 1.335072331786733586e-03 1.892105355896188217e-03 7.309793904566730524e-04 4.106173852907863409e-01 2.533052941370050881e-01 2.466155788577704955e-01
5.500000000000000000e+00 4.718293175643944459e-01 2.918429235410518463e-01 2.772674689742130050e-01 4.082956132941623073e-01 2.492376023377889938e-01 2.443712435703190855e-01 5.589302880176907906e-02 3.541635809116103900e-02 2.866585359373685984e-02 7.640675468462625880e-03 7.188963112101686911e-03 4.230371810156977226e-03 4.159362887626249505e-01 2.564265654498907310e-01 2.486016153804761764e-01
6.000000000000000000e+00 4.636767186245364658e-01 2.763380055919745226e-01 2.853066425890843361e-01 4.076112729866705475e-01 2.450482895946662909e-01 2.441255846660421447e-01 5.541702701601922132e-02 3.174606804548520816e-02 3.960657633046243270e-02 6.484186218465684852e-04 -4.563520481769709142e-04 1.574481592579730698e-03 4.082596916085173278e-01 2.445919375464893630e-01 2.457000662586218132e-01
6.500000000000000000e+00 4.462656271454406576e-01 2.834649526437176270e-01 2.732351864838820088e-01 4.034924990497919528e-01 2.440491105801687044e-01 2.423003314980388956e-01 4.397267796953664015e-02 4.058895713064016725e-02 3.198188894549874178e-02 -1.199549873887831080e-03 -1.173115067091017386e-03 -1.047033959655622711e-03 4.022929491759039689e-01 2.428759955130776749e-01 2.412532975383832878e-01
7.000000000000000000e+00 4.357480194487091119e-01 2.778054658527666088e-01 2.622952980645926191e-01 4.043554303265484151e-01 2.436361222661999060e-01 2.402893822389744749e-01 2.996398697886052190e-02 3.293826741805280789e-02 1.922808438371679390e-02 1.428602143300326636e-03 1.231076168514103064e-03 2.777831441901348983e-03 4.057840324698486767e-01 2.448671984347138286e-01 2.430672136808759154e-01
7.500000000000000000e+00 4.603355584922424470e-01 2.847887673008726028e-01 2.780682759657016612e-01 4.062823415170189745e-01 2.435864585760157686e-01 2.395713153709403964e-01 5.313845602058590162e-02 4.082952849129653505e-02 3.818807417051136438e-02 9.147609546373728718e-04 3.727802335602690173e-04 3.088864242499894382e-04 4.071971024716565246e-01 2.439592388095759290e-01 2.398802017951901788e-01
8.000000000000000000e+00 4.531355953554918603e-01 2.868206514969016130e-01 2.769722380608998225e-01 4.023762633675567191e-01 2.413099620084508956e-01 2.394621832019742103e-01 4.262059207929227295e-02 4.271054731970831686e-02 3.000209224778936992e-02 8.138739908642915119e-03 2.800142168742335465e-03 7.507962611136282174e-03 4.105150032761996082e-01 2.441101041771932267e-01 2.469701458131104976e-01
8.500000000000000000e+00 4.568706261480849906e-01 2.870781767626244263e-01 2.840973954213399932e-01 4.039303712543598213e-01 2.402038310368493912e-01 2.394235556096886985e-01 5.096884916223921869e-02 4.423675208778484608e-02 4.130642316294703964e-02 1.971405731485921173e-03 2.637593637990039847e-03 3.367416648704169187e-03 4.059017769858454527e-01 2.428414246748394623e-01 2.427909722583927732e-01
9.000000000000000000e+00 4.665195131651696525e-01 2.832575047909957067e-01 2.806002453482570047e-01 4.070718636136544388e-01 2.418866006335031182e-01 2.404111842128761611e-01 5.662301341927809123e-02 3.797338698064068457e-02 3.641034132245498517e-02 2.824636132237174930e-03 3.397517176851904287e-03 3.778719812925877483e-03 4.098964997458915405e-01 2.452841178103550845e-01 2.441899040258020404e-01
9.500000000000000000e+00 4.540234343485791690e-01 2.658491398242178172e-01 2.729774625857261938e-01 4.095736151599967956e-01 2.407346985049607091e-01 2.403180953200861614e-01 3.656299925678997004e-02 1.972043331432585603e-02 3.163088654001595251e-02 7.886819931792622002e-03 5.394008004931217376e-03 1.028480725624172963e-03 4.174604350917892615e-01 2.461287065098919091e-01 2.413465760457101927e-01
1.000000000000000000e+01 4.592785993490753893e-01 2.807105819121824553e-01 2.726690320118871358e-01 4.134675609347073788e-01 2.421287415284982814e-01 2.401051721311515119e-01 4.431614747184001168e-02 3.742664961050259920e-02 2.990350055417788019e-02 1.494890942528253382e-03 1.155190773181765740e-03 2.660359326557809601e-03 4.149624518772355164e-01 2.432839323016798838e-01 2.427655314577092660e-01
1.050000000000000000e+01 4.809309064725330596e-01 2.826695453808327763e-01 2.823893007501181440e-01 4.132233006485212523e-01 2.424689853094135206e-01 2.389847444164052703e-01 6.754530150887883000e-02 4.003647512920958940e-02 4.230263676605975492e-02 1.623043151328175426e-04 1.640849422097099891e-04 1.101919567653189677e-03 4.133856049636541741e-01 2.426330702516231175e-01 2.400866639840582573e-01
1.100000000000000000e+01 4.727428134861090814e-01 2.933157452579378544e-01 2.710285032411060002e-01 4.163032033347608962e-01 2.431298537005637528e-01 2.365109754703783596e-01 5.526777727305183519e-02 4.953133361568479165e-02 3.206921995378433227e-02 1.171832878296382710e-03 6.545579416893183757e-04 2.448307816943351336e-03 4.174750362130570935e-01 2.437844116422530627e-01 2.389592832873216888e-01
1.150000000000000000e+01 4.898600306608407173e-01 2.855093527831449873e-01 2.874465896133762133e-01 4.203687106927789241e-01 2.453733805655144151e-01 2.371252669673828695e-01 6.312918973713838033e-02 3.576899295798450368e-02 4.378105447431883401e-02 6.362130230923642750e-03 4.366979259646110167e-03 6.540268171674665926e-03 4.267308409237027256e-01 2.497403598251604628e-01 2.436655351390575319e-01
1.200000000000000000e+01 4.789851720185338002e-01 3.003541199383052973e-01 2.781238505736654543e-01 4.159295856403182334e-01 2.424919382873114704e-01 2.371358069705636618e-01 5.952570891943869541e-02 5.754184123663978051e-02 3.694802718757658061e-02 3.529877458776835373e-03 3.203404143540221349e-04 4.040016415525196289e-03 4.194594630990950423e-01 2.428122787016656070e-01 2.411758233860887279e-01
1.250000000000000000e+01 4.738033926558953279e-01 2.767297578250076384e-01 2.722434578692430329e-01 4.157794784737460780e-01 2.444040892244411234e-01 2.363720907056623965e-01 5.511171395301957265e-02 3.009132450625398927e-02 3.225056642226307307e-02 2.912200229129531092e-03 2.234344094312409532e-03 3.620800741317460516e-03 4.186916787028754916e-01 2.466384333187536526e-01 2.399928914469801333e-01
1.300000000000000000e+01 4.794836888289274457e-01 2.847771390885159293e-01 2.724281038866468441e-01 4.143059019955753763e-01 2.442244924353090263e-01 2.357731288650483370e-01 6.226116505041592170e-02 3.897224008050840377e-02 3.329841875190057976e-02 2.916621782936390950e-03 1.580406572698454326e-03 3.356556269698007106e-03 4.172225237785116558e-01 2.458048990080073659e-01 2.391296851347463337e-01
1.350000000000000000e+01 4.769976552812347781e-01 2.757938453540649815e-01 2.657123087267886929e-01 4.111865835192747287e-01 2.434009974565410350e-01 2.340260573263390487e-01 6.311710721448225703e-02 3.189369452061884685e-02 3.009336258517487234e-02 2.693964547477896865e-03 4.991533769049276339e-04 1.592888815274867351e-03 4.138805480667525627e-01 2.439001508334460999e-01 2.356189461416139941e-01
1.400000000000000000e+01 4.530377212316032409e-01 2.632827758842203325e-01 2.600515283548894829e-01 4.124522670532932977e-01 2.428092462652189920e-01 2.340322044047479788e-01 4.150036308641612964e-02 2.141342375598081008e-02 2.480348709861582984e-02 -9.149089081062430646e-04 -9.398941369793519440e-04 1.215836851525558919e-03 4.115373581451870488e-01 2.418693521282396508e-01 2.352480412562735490e-01
1.450000000000000000e+01 4.279273158639702035e-01 2.579113105805589390e-01 2.528241095215999490e-01 4.109301127264776698e-01 2.440827509425399222e-01 2.336364334905745022e-01 1.172785857268580229e-02 1.273388577993968263e-02 1.771188313732408731e-02 5.269344564806554415e-03 1.094673858079422621e-03 1.475792893701442570e-03 4.161994572912841583e-01 2.451774248006193258e-01 2.351122263842759796e-01
1.500000000000000000e+01 4.649611005675093889e-01 2.833765770357292713e-01 2.801180132874982465e-01 4.085056356434904057e-01 2.424298428250065141e-01 2.362248172483077113e-01 5.261592416066245004e-02 3.867987917834234124e-02 4.077299927741431795e-02 3.839540763356816787e-03 2.266855032380461071e-03 3.120196761776038077e-03 4.123451764068472025e-01 2.446966978573869578e-01 2.393450140100837620e-01
1.550000000000000000e+01 4.569670647757532733e-01 2.799950711371403389e-01 2.766618488054617409e-01 4.088632774651396184e-01 2.390244659081804945e-01 2.364915422095018038e-01 4.255839649292972315e-02 3.879020048883814742e-02 3.434249952833502706e-02 5.545390817683986361e-03 2.180404740121680458e-03 5.827807067624978486e-03 4.144086682828236889e-01 2.412048706483020666e-01 2.423193492771267277e-01
1.600000000000000000e+01 4.422443687059572359e-01 2.534119603567646650e-01 2.549078898881118049e-01 4.110469156080918118e-01 2.402793486555284963e-01 2.391900529355465155e-01 3.029642091499983036e-02 1.306195377753377462e-02 1.369035527242044165e-02 9.010321828655924216e-04 7.065792370231923454e-05 2.027481680144636606e-03 4.119479477909573917e-01 2.403500065792307516e-01 2.412175346156913147e-01
1.650000000000000000e+01 4.448890083235170212e-01 2.544801289031595193e-01 2.630121237544643109e-01 4.102979178737068966e-01 2.390826558744098274e-01 2.383843040429645677e-01 3.660215249318601871e-02 1.584913088718134175e-02 2.391425569353839917e-02 -2.011062043375783526e-03 -4.516578584314887642e-04 7.135640179614675732e-04 4.082868558303308637e-01 2.386309980159781186e-01 2.390978680609258666e-01
1.700000000000000000e+01 4.725410809159793502e-01 2.795290543665053251e-01 2.829427958701337675e-01 4.137857996606450484e-01 2.415298063209546930e-01 2.394793829661488738e-01 5.843130083820855664e-02 3.706769321956741858e-02 4.208149251185323153e-02 3.239804171256596677e-04 9.315548259831078846e-04 1.381920392131708855e-03 4.141097800777707727e-01 2.424613611469379759e-01 2.408613033582805152e-01
1.750000000000000000e+01 4.727409978096688281e-01 2.798658223583199711e-01 2.677663364532431034e-01 4.155021568580963276e-01 2.383067183997061578e-01 2.404753483090682209e-01 5.463639629191456570e-02 3.916708211139569018e-02 2.376911522406190483e-02 2.602444659658252699e-03 2.392021847218073292e-03 3.521872920112829788e-03 4.181046015177544706e-01 2.406987402469241422e-01 2.439972212291811049e-01
1.800000000000000000e+01 4.771325964406212816e-01 2.819445926247298728e-01 2.692945197609171726e-01 4.198730885435582594e-01 2.391276672588390217e-01 2.419394052459882538e-01 5.729980766139231713e-02 4.228538482146317751e-02 2.738936755045911706e-02 -4.029976432940342702e-05 5.315405444276489555e-04 -3.425303553005182023e-05 4.198327887792288604e-01 2.396592078032666884e-01 2.419051522104581353e-01
1.850000000000000000e+01 4.554537185103708086e-01 2.589471852133132246e-01 2.580191046199011851e-01 4.213435080368175267e-01 2.369577850831429411e-01 2.406057409574261230e-01 3.585773456302969453e-02 2.358603595604869332e-02 1.854412234000705345e-02 -1.747524089476253312e-03 -1.596635825878447339e-03 -1.130758677532008949e-03 4.195959839473411557e-01 2.353611492572643682e-01 2.394749822798941108e-01
1.900000000000000000e+01 4.769802703360547791e-01 2.718435903265001841e-01 2.851605585325122649e-01 4.208404723330275710e-01 2.370236204702081961e-01 2.412554659306254123e-01 5.853501230747464035e-02 3.627548235644406649e-02 4.548573443560685603e-02 -2.395214304447557552e-03 -1.455512500152156838e-03 -1.580641833720118150e-03 4.184452580285800694e-01 2.355681079700561453e-01 2.396748240969053256e-01
1.950000000000000000e+01 4.856859235688116838e-01 2.742927720807362690e-01 2.740621278387890269e-01 4.160485963718220659e-01 2.333753878041632257e-01 2.404062804767215511e-01 6.731125016342295875e-02 3.843311184283301069e-02 3.263742777752993984e-02 2.326077033566899439e-03 2.484272433740107242e-03 1.018419584537623608e-03 4.183746734053886973e-01 2.358596602379035290e-01 2.414247000612590455e-01
2.000000000000000000e+01 4.875419750021359744e-01 2.667557859325416780e-01 2.682132580706712566e-01 4.173484723120617912e-01 2.314236541073323439e-01 2.358091998898088348e-01 6.473270351851059812e-02 3.401558315377836705e-02 2.150947105446689850e-02 5.460799171563791507e-03 1.316548671430895542e-03 1.089458712639562211e-02 4.228092714836252930e-01 2.327402027787633110e-01 2.467037870162043234e-01
2.050000000000000000e+01 4.695480637884322794e-01 2.619257035681931689e-01 2.635249157970164791e-01 4.167236835802925476e-01 2.331259552398791957e-01 2.353349412162260568e-01 5.255018848447879504e-02 2.987738440956062488e-02 2.669056788922463327e-02 2.741917236609543122e-04 -1.077636081246614560e-03 1.499406691565671268e-03 4.169978753039535468e-01 2.320483191586325267e-01 2.368343479077918423e-01
2.100000000000000000e+01 4.556457811135548597e-01 2.658657988983799125e-01 2.636732377968228902e-01 4.119589529509297687e-01 2.322288213593155515e-01 2.319193285612586308e-01 4.537148957056382631e-02 3.451843702693909582e-02 3.304757068371622086e-02 -1.684661407938526550e-03 -8.814594878748027501e-04 -1.293661448152046709e-03 4.102742915429911097e-01 2.313473618714408098e-01 2.306256671131066971e-01
2.150000000000000000e+01 4.743785665505666493e-01 2.818698383522879602e-01 2.898618298384449954e-01 4.117180443770518949e-01 2.297827704001744464e-01 2.337095651260914508e-01 6.195752571580601803e-02 4.969658068278698382e-02 5.388083260926844476e-02 7.029964577086257778e-04 2.390487269326551679e-03 2.271432103085193471e-03 4.124210408347608325e-01 2.321732576695010319e-01 2.359809972291765923e-01
2.200000000000000000e+01 4.479603900276174500e-01 2.494800964726995307e-01 2.495723101009153233e-01 4.105168142360666184e-01 2.262948354412921970e-01 2.309923190043413621e-01 3.851166016552827476e-02 2.343410156451032622e-02 1.959618752426350863e-02 -1.068084373977609474e-03 -2.488405331031287083e-04 -1.016196427689577790e-03 4.094487298620888560e-01 2.260459949081891351e-01 2.299761225766517037e-01
2.250000000000000000e+01 4.469633812948347051e-01 2.546605552606167056e-01 2.467383160476051274e-01 4.124049828193113165e-01 2.271901163581395988e-01 2.280406377492384951e-01 3.489136342899519516e-02 2.648958748586802830e-02 1.941198042102278837e-02 -3.329649534717614976e-04 9.808514166091202805e-04 -7.143021226562172067e-04 4.120720178658397459e-01 2.281709677747486842e-01 2.273263356265823043e-01
2.300000000000000000e+01 4.577163825924053797e-01 2.522548879988477100e-01 2.496391987960532022e-01 4.109454533187815173e-01 2.277058410533265853e-01 2.259162723873147649e-01 4.529895051611215750e-02 2.070385365020762855e-02 2.371450181116014494e-02 1.471978757512058160e-03 3.845193295313504341e-03 8.424597578235429513e-06 4.124174320762933887e-01 2.315510343486400779e-01 2.259246969848930364e-01
2.350000000000000000e+01 4.617416233249601043e-01 2.621300643664111751e-01 2.606603117881002296e-01 4.112127744653738537e-01 2.282559640379677179e-01 2.243532762728329966e-01 4.672716109767107578e-02 3.206683952645639213e-02 3.123312865240248509e-02 3.801687761914967090e-03 1.807260801986925423e-03 5.073906862864732345e-03 4.150144622272889383e-01 2.300632248399546165e-01 2.294271831356977653e-01
2.400000000000000000e+01 4.593373152185726283e-01 2.646334726761119249e-01 2.624362045250283604e-01 4.080693847104649996e-01 2.271535042875842680e-01 2.225959335911463499e-01 4.508306909969318071e-02 3.050512260851384952e-02 3.261561992666671406e-02 6.184861408414366393e-03 6.974845780013790887e-03 7.224651007215412632e-03 4.142542461188793990e-01 2.341283500675979679e-01 2.298205845983616047e-01
2.450000000000000000e+01 4.738271481674998231e-01 2.659276518288132274e-01 2.628906382594309310e-01 4.131271849167042487e-01 2.290973553203283219e-01 2.202451427376184157e-01 6.078534341420906845e-02 3.539350383680468087e-02 4.293770285764255540e-02 -8.538016341322411358e-05 1.436792671680276389e-03 -2.922073358301137207e-04 4.130418047532908865e-01 2.305341479920085257e-01 2.199529354017883409e-01
2.500000000000000000e+01 4.544602690331565054e-01 2.660028161728190121e-01 2.535816035864172369e-01 4.133045258326595861e-01 2.321894263086664023e-01 2.225083318186579229e-01 3.944501418725528813e-02 3.316968622047844484e-02 2.786316959482083855e-02 1.710729013241576264e-03 6.437036436740907258e-04 3.210102172938502762e-03 4.150152548459012380e-01 2.328331299523404840e-01 2.257184339915963567e-01
2.550000000000000000e+01 4.515884624138276626e-01 2.595146013145060437e-01 2.524317390317946663e-01 4.155217849477705339e-01 2.309287791722743621e-01 2.218191604357556967e-01 3.477736756260466078e-02 2.775320804212424303e-02 3.069905442500249146e-02 1.289309903452575323e-03 8.326141001075494956e-04 -8.647582896345782874e-05 4.168110948512232516e-01 2.317613932723818215e-01 2.217326846067923241e-01
2.600000000000000000e+01 4.524146415774245034e-01 2.568133801450164788e-01 2.458155866776029763e-01 4.172713099557436300e-01 2.281719452126799719e-01 2.216265633287514691e-01 3.314121839353274812e-02 2.694910772056345952e-02 2.235043292890427288e-02 2.002113228147919637e-03 1.692327211773048297e-03 1.838590419947174447e-03 4.192734231838916581e-01 2.298642724244529811e-01 2.234651537486985196e-01
2.650000000000000000e+01 4.570106871720118202e-01 2.646649880247654019e-01 2.442847928354847375e-01 4.155029645519391357e-01 2.284448691226418637e-01 2.183976565572254835e-01 3.917717590671591921e-02 3.555537351867278650e-02 2.346523295054001035e-02 2.330546713356534180e-03 6.647453834506382182e-04 2.421903327719320421e-03 4.178335112652957206e-01 2.291096145060925460e-01 2.208195598849446994e-01
2.700000000000000000e+01 4.463535071099011819e-01 2.538543993040532909e-01 2.464305356231620558e-01 4.137208606804617106e-01 2.273141174644605911e-01 2.181039029171932264e-01 3.354200321499642423e-02 2.616498750196467535e-02 2.718511376882418173e-02 -9.093567855572537396e-04 3.752943376281048108e-04 1.141518937144647477e-03 4.128115038949047300e-01 2.276894118020887370e-01 2.192454218543379296e-01
2.750000000000000000e+01 4.392777203068279346e-01 2.433438581145684343e-01 2.303559690077289779e-01 4.103213976536985719e-01 2.255434204267549314e-01 2.166400541251295997e-01 1.925749434123712536e-02 1.039556893021055528e-02 9.105235731084482600e-03 9.698828311891670093e-03 7.404868757602993574e-03 4.610679151514860893e-03 4.200202259655909653e-01 2.329482891843578096e-01 2.212507332766443513e-01
2.800000000000000000e+01 4.322559028114730251e-01 2.387910101211553060e-01 2.355775054411953506e-01 4.082885145405512062e-01 2.235026562095555058e-01 2.143652357424815635e-01 2.220704286775117275e-02 1.632275819096828950e-02 1.930685026304074584e-02 1.760345403170723117e-03 -1.034404279368441194e-03 1.905419435672987263e-03 4.100488599437215331e-01 2.224682519301869610e-01 2.162706551781544695e-01
2.850000000000000000e+01 4.270262259087068690e-01 2.407098229998153038e-01 2.348106002346430077e-01 4.082259667721788721e-01 2.227691814697135564e-01 2.141904577227283502e-01 2.068721152293278090e-02 1.983551578343572749e-02 2.113575724346168638e-02 -1.886952386404880866e-03 -1.894874253334187780e-03 -5.156147315470536877e-04 4.063390143857739667e-01 2.208743072163795451e-01 2.136748429911814740e-01
2.900000000000000000e+01 4.491114437745252208e-01 2.455305146141412709e-01 2.380926998264363825e-01 4.095530892007113732e-01 2.199477029466270495e-01 2.126355958485052211e-01 4.163702236537450418e-02 2.639716930331045819e-02 2.516009019507755781e-02 -2.078667791560510469e-03 -8.143576357963081078e-04 2.970137828536601496e-04 4.074744214091509109e-01 2.191333453108308127e-01 2.129326096313588212e-01
2.950000000000000000e+01 4.708074482868226385e-01 2.587977549296373581e-01 2.477152416829571657e-01 4.112200903079347158e-01 2.191511586503811504e-01 2.159919369778916243e-01 5.614947050218731250e-02 3.589356297891838771e-02 3.095216278881057076e-02 3.437887476700703798e-03 3.753033300337868961e-03 7.711419162548649843e-04 4.146579777846353676e-01 2.229041919507189773e-01 2.167630788941464770e-01
3.000000000000000000e+01 4.606288563913877865e-01 2.547199527085803883e-01 2.377851403033476307e-01 4.111868094260454631e-01 2.163950204903449803e-01 2.137919739094441829e-01 4.533096054891475046e-02 3.795395530918856813e-02 2.019420180460002393e-02 4.111086416427524315e-03 3.709769090469174600e-04 3.798964589303248721e-03 4.152978958424732303e-01 2.167659973993917299e-01 2.175909384987473882e-01
3.050000000000000000e+01 4.463001533167210710e-01 2.330360137356411454e-01 2.331363984346599971e-01 4.111076115363289096e-01 2.164047563123620010e-01 2.143069885722866941e-01 3.384032339738275719e-02 1.537017125659343939e-02 1.776792654609786817e-02 1.352218383009542134e-03 1.261086166685902949e-03 1.061483316275533976e-03 4.124598299193384388e-01 2.176658424790477719e-01 2.153684718885621463e-01
3.100000000000000000e+01 4.604370022606522062e-01 2.362771437500248983e-01 2.307044165139750247e-01 4.119161135427072407e-01 2.163897330613744896e-01 2.140614983218360190e-01 4.831833692045214845e-02 2.019276989304463754e-02 1.776384045254487259e-02 2.025517974931277752e-04 -3.053592043942126568e-04 -1.120922260406038420e-03 4.121186653402004185e-01 2.160843738569801775e-01 2.129405760614300203e-01
3.150000000000000000e+01 4.599422722052486923e-01 2.411368708599283261e-01 2.523236463497400273e-01 4.124747289689086882e-01 2.169520765585563615e-01 2.147070938575272037e-01 4.844799843251978294e-02 2.341070207162226566e-02 3.760297633900185066e-02 -9.804551961799148462e-04 7.740922297498422939e-04 1.357615321097544317e-05 4.114942737727287358e-01 2.177261687883061403e-01 2.147206700107381627e-01
3.200000000000000000e+01 4.674859306000733739e-01 2.405787727756388827e-01 2.526853376258723083e-01 4.130571817359823816e-01 2.156358774016298718e-01 2.128125522653799839e-01 5.436971829840944043e-02 2.584589651402564511e-02 4.021075359749435446e-02 5.903056568162287729e-05 -9.030011400166658604e-04 -3.379682370019578951e-04 4.131162123016640098e-01 2.147328762616131925e-01 2.124745840283780718e-01
3.250000000000000000e+01 4.658078516263046698e-01 2.388907811687210336e-01 2.465152480761941267e-01 4.130923796700677886e-01 2.130885373646355385e-01 2.126190003057819300e-01 5.476096301753053536e-02 2.630668448729195016e-02 3.586488142941922364e-02 -2.045491061293384840e-03 -5.044406832064221970e-04 -1.968633659007014338e-03 4.110468886087741414e-01 2.125840966814291633e-01 2.106503666467748337e-01
3.300000000000000000e+01 4.502222991901267402e-01 2.315533897508940120e-01 2.438914828935112578e-01 4.158301675665992958e-01 2.121998891511556740e-01 2.142334643576719599e-01 3.342309168882803827e-02 1.888338224485957076e-02 2.972338441811542969e-02 9.690399346995142837e-04 4.701183548787965429e-04 -6.536588227600072004e-05 4.167992075012989517e-01 2.126700075060343198e-01 2.141680984753958350e-01
3.350000000000000000e+01 4.449243590361542933e-01 2.254335630943703761e-01 2.388689215687389844e-01 4.138824960399672404e-01 2.108102195765236830e-01 2.141607958711883031e-01 2.539152648792654746e-02 1.109172941871688911e-02 2.365131174261157765e-02 5.650336508260416987e-03 3.531614099129885050e-03 1.056813954939184131e-03 4.195328325482279297e-01 2.143418336756535980e-01 2.152176098261274761e-01
3.400000000000000000e+01 4.453678838970605569e-01 2.425262393891363388e-01 2.374785026231739649e-01 4.155472212433364287e-01 2.114197589329692983e-01 2.138308686464322761e-01 2.714476137474125875e-02 2.967423469048318177e-02 2.268531356632780618e-02 2.675901278982756228e-03 1.432245765683742931e-03 9.623204104138315161e-04 4.182231225223192461e-01 2.128520046986530634e-01 2.147931890568461899e-01
3.450000000000000000e+01 4.276855748581001593e-01 2.382054249002462099e-01 2.261473300573921819e-01 4.117953558286535642e-01 2.113016062326133204e-01 2.101798027922552603e-01 1.666766550768483332e-02 2.726622183882958933e-02 1.634009741829387310e-02 -7.774464782384469955e-04 -3.624031711967252187e-04 -3.725701531568444851e-04 4.110179093504154890e-01 2.109392030614165026e-01 2.098072326390983677e-01
3.500000000000000000e+01 4.193897713860030296e-01 2.242378294452928855e-01 2.180881984706856125e-01 4.127603886277150247e-01 2.121498970848037791e-01 2.114524521662785039e-01 7.272960581006785406e-03 1.241151473888931801e-02 8.370790452215132876e-03 -6.435778227188810804e-04 -3.235823784002361597e-04 -1.735044147808043405e-03 4.121168108049960144e-01 2.118263147064035623e-01 2.097174080184704137e-01
3.550000000000000000e+01 4.332140754577765152e-01 2.244822179859754518e-01 2.181784324124018404e-01 4.148662145726887407e-01 2.140139662613768090e-01 2.117475204045588255e-01 1.717589491778960878e-02 9.121548143157104382e-03 6.778290379290982486e-03 1.171965967298106920e-03 1.346703581441518940e-03 -3.473783714480526753e-04 4.160381805399868127e-01 2.153606698428183197e-01 2.114001420331106940e-01
3.600000000000000000e+01 4.275210555400583701e-01 2.184567256850711292e-01 2.127391615364725708e-01 4.152307523521933663e-01 2.118013578268737873e-01 2.098182146016468463e-01 9.809281443783566742e-03 4.418475327407017997e-03 1.860860356110047471e-03 2.481021744081235783e-03 2.236892530790386777e-03 1.060086578715657658e-03 4.177117740962746906e-01 2.140382503576641060e-01 2.108783011803625485e-01
3.650000000000000000e+01 4.303470875434547427e-01 2.229426089774417252e-01 2.129363631603325147e-01 4.209259499686456851e-01 2.102978217898355262e-01 2.096356901794313166e-01 7.982721103516924113e-03 1.184612351927150954e-02 2.819116078960811830e-03 1.438416471291743999e-03 7.986636683346190046e-04 4.815569019403877823e-04 4.223643664399375774e-01 2.110964854581702799e-01 2.101172470813717774e-01
3.700000000000000000e+01 4.319055839412834774e-01 2.185742301763621276e-01 2.087983936498262472e-01 4.220241415605388569e-01 2.110044431404538567e-01 2.075799737481091867e-01 1.151691005906152650e-02 9.056447740788179518e-03 1.718706249537206403e-03 -1.635467678316784293e-03 -1.486660704879926020e-03 -5.002863478201116480e-04 4.203886738822218416e-01 2.095177824355738960e-01 2.070796874002890364e-01
3.750000000000000000e+01 4.614193628035048733e-01 2.346051227433588737e-01 2.219416874593692635e-01 4.246700086121862339e-01 2.113344239943712177e-01 2.069502872113809511e-01 3.737289910388501279e-02 2.350769605541789403e-02 1.590427498311891563e-02 -6.235449125662299039e-04 -2.369973064300896304e-04 -9.128747351305719097e-04 4.240464636996200132e-01 2.110974266879410977e-01 2.060374124762503478e-01
3.800000000000000000e+01 4.602487579687126185e-01 2.368016526498190610e-01 2.148603345026943168e-01 4.302670917481933865e-01 2.128919734041316847e-01 2.071891968057210931e-01 2.773083289635287427e-02 2.387326345101865865e-02 7.678652529343304653e-03 2.250833324166225807e-03 3.641579466867987533e-05 -7.514832370141485770e-06 4.325179250723596436e-01 2.129283891988004163e-01 2.071816819733509618e-01
3.850000000000000000e+01 5.262200723925107848e-01 3.011591434915749654e-01 2.963072921921635072e-01 4.999975093119811698e-01 2.820768177853449910e-01 2.751867994584124011e-01 2.279199998703498181e-02 1.657824768814306765e-02 1.706756719025471700e-02 2.595246275781938790e-03 4.207480758848939403e-04 4.925135455230249520e-04 5.025927555877632846e-01 2.824975658612297602e-01 2.756793130039354445e-01
3.900000000000000000e+01 5.713845852650982771e-01 3.498906711906302203e-01 3.411104109508757976e-01 5.582837207303199545e-01 3.419328135297215465e-01 3.349952210301608280e-01 1.437820771286082815e-02 8.939711743390485812e-03 6.912396037505397564e-03 -1.277343178082420783e-03 -9.818540824817331356e-04 -7.972061167903804913e-04 5.570063775522373639e-01 3.409509594472397986e-01 3.341980149133703115e-01
3.950000000000000000e+01 2.572581784475182487e-01 1.664052051881935168e-01 1.680878277237557450e-01 2.506008921907545983e-01 1.637228716716842281e-01 1.617049380468107145e-01 5.091951839584449649e-03 2.541416109314293195e-03 3.612399184586836780e-03 1.334361337098756515e-03 -1.999097441302775382e-04 2.729305893172323874e-03 2.519352535278534533e-01 1.635229619275539170e-01 1.644342439399829880e-01
4.000000000000000000e+01 2.194274035914706988e-01 1.311228481130724821e-01 1.323991371425470021e-01 1.716788892213407525e-01 1.178883694446381664e-01 1.167021814341364511e-01 3.305549141759098241e-04 4.716852701657829280e-05 1.175433953863650290e-04 2.035132395915766686e-04 1.946919083616537277e-04 1.499866239223168166e-04 1.718824024609323931e-01 1.180830613529997852e-01 1.168521680580588001e-01
4.250000000000000000e+01 2.675506624948447154e-01 2.144361353275645032e-01 2.143787694416979805e-01 2.534767164511272375e-01 2.052846016359143877e-01 2.051566642411432606e-01 0.000000000000000000e+00 0.000000000000000000e+00 0.000000000000000000e+00 2.972602570089482319e-04 1.001300520267379171e-04 -1.207397499923901972e-04 2.537739767081361175e-01 2.053847316879412466e-01 2.050359244911508505e-01
4.500000000000000000e+01 2.927973136844384539e-01 2.471571288067787586e-01 2.437035909827932334e-01 2.692421527214620136e-01 2.249237287928785578e-01 2.254401367379015864e-01 -1.720262114708246459e-05 -1.030746322522783566e-05 -2.328026620148011035e-05 2.170748239823627659e-03 6.605449213433159817e-04 1.436870135275775204e-03 2.714129009612855636e-01 2.255842737142217669e-01 2.268770068731774670e-01
4.750000000000000000e+01 2.755840640889553605e-01 2.372186062888698710e-01 2.330939040085749925e-01 2.672976278192955024e-01 2.266926449705220503e-01 2.249529648358986056e-01 -9.900767742078998756e-06 -7.997432583292733745e-06 -1.319647366202101674e-05 -4.324937920634828705e-05 -2.200566794975234559e-04 -1.939086323335238813e-04 2.672543784400891465e-01 2.264725882910245125e-01 2.247590562035650663e-01
5.000000000000000000e+01 2.865670086982549103e-01 2.403802205909667811e-01 2.415571870573001989e-01 2.658849587151854710e-01 2.310906969088446783e-01 2.290733645516276618e-01 -4.704919827661549329e-05 -1.078963122226733797e-05 -3.034580739225935448e-05 -2.284889976101245801e-04 -1.458672662948229925e-05 -2.534451165892493058e-04 2.656564697175753387e-01 2.310761101822152164e-01 2.288199194350383214e-01
5.250000000000000000e+01 2.864750280523158943e-01 2.430034844084544010e-01 2.432267957916295353e-01 2.610904908395953461e-01 2.305160481142309314e-01 2.330759384313717264e-01 3.547293307831144257e-05 2.462729142346794970e-06 2.693105383689204025e-05 3.878666391811251318e-04 8.581607812977197275e-04 7.693384954467010254e-05 2.614783574787764575e-01 2.313742088955286491e-01 2.331528722809162735e-01
5.500000000000000000e+01 2.796978256728159251e-01 2.431798081508750875e-01 2.454000597183799703e-01 2.580974285402793389e-01 2.292943208147149026e-01 2.318713485400523688e-01 2.893257509316743176e-04 2.064467288462796027e-04 1.247734111432758980e-04 4.354481328938720770e-04 3.268560020896055230e-05 -2.291188329348325879e-05 2.585328766731732064e-01 2.293270064149237064e-01 2.318484366567588606e-01
5.750000000000000000e+01 2.870716449308121088e-01 2.540330555557928638e-01 2.493996000147210845e-01 2.556393644992699943e-01 2.315067581682432596e-01 2.332166111389565033e-01 2.561762449642334630e-04 2.175767989343635499e-04 6.468015551309010082e-04 -3.787762494457056752e-04 -2.673505397507928549e-04 -3.274228717687884612e-04 2.552605882498242829e-01 2.312394076284924327e-01 2.328891882671876301e-01
6.000000000000000000e+01 2.753235578535899175e-01 2.453078285296005911e-01 2.477475038960316733e-01 2.527904491429472378e-01 2.337806303873492253e-01 2.331848353477406766e-01 1.346532555933246523e-05 2.379769059806563744e-05 -1.077969880072385423e-05 -2.022858959636387828e-05 3.897887213012199404e-04 1.785784705331916575e-04 2.527702205533509661e-01 2.341704191086504960e-01 2.333634138182739126e-01
6.250000000000000000e+01 2.679206907499476209e-01 2.507749240571311433e-01 2.449289277805841436e-01 2.495136109729644835e-01 2.340219671037181426e-01 2.302430719566091744e-01 -7.749752536413691240e-05 -4.985946072888322491e-05 -6.794633655099969127e-05 -4.321169674760281317e-04 4.210167817261074798e-04 2.785028107514370935e-04 2.490814940054884297e-01 2.344429838854442394e-01 2.305215747673607096e-01
6.500000000000000000e+01 2.610051471567362835e-01 2.433263256066377778e-01 2.450113874235315126e-01 2.502712011010581050e-01 2.341224844236728941e-01 2.326094427478105631e-01 -6.392800118637146463e-05 -2.195630861245020189e-05 -2.585737914904540142e-05 -4.879403471157621529e-04 -3.720857731371946453e-04 -3.865415227526771487e-04 2.497832607539424710e-01 2.337503986505358455e-01 2.322229012250577318e-01
6.750000000000000000e+01 2.682669457800979651e-01 2.448644902812026070e-01 2.477268756800025673e-01 2.506592590040166990e-01 2.327967599873765892e-01 2.329318350876739552e-01 -4.310387731643106800e-05 -1.500767455432023534e-05 -2.253400336167423184e-05 -1.056702799113848655e-04 1.948097944921550328e-04 5.059950928144287463e-04 2.505535887241052695e-01 2.329915697818688569e-01 2.334378301804884981e-01
7.000000000000000000e+01 2.639641337332043203e-01 2.429913606443122320e-01 2.423423865784820885e-01 2.498447544053032099e-01 2.346230293346437124e-01 2.343494445005503413e-01 -3.305222881606929028e-05 -1.435114928399312650e-05 -2.219152687365730055e-05 -3.759702135882666955e-04 -2.009966463357151442e-04 1.198112285475109355e-04 2.494687841917150872e-01 2.344220326883079963e-01 2.344692557290977419e-01
7.250000000000000000e+01 2.763667316754924164e-01 2.575338086755925016e-01 2.526433244046978888e-01 2.515422525176130297e-01 2.377082668540369814e-01 2.368583444084516876e-01 -3.948881555844844414e-05 -3.400730401367195178e-05 -4.134009754591249660e-05 1.133429529793967411e-03 -5.876058481644110286e-05 2.264807465372842613e-04 2.526756820474069243e-01 2.376495062692205451e-01 2.370848251549889929e-01
7.500000000000000000e+01 2.629237103515109641e-01 2.506954510141037873e-01 2.492159331190033911e-01 2.503703041952863861e-01 2.386256320567378963e-01 2.372165654587541916e-01 -6.710624897090663955e-05 -4.509673862736437343e-05 -3.634042419827791841e-05 -8.292714163653285226e-05 2.302945300629427312e-04 3.447778994613353920e-05 2.502873770536498399e-01 2.388559265868008819e-01 2.372510432487002496e-01
7.750000000000000000e+01 2.722381417267036308e-01 2.484093313520618074e-01 2.553909135835588096e-01 2.485813694233608706e-01 2.359003541430728101e-01 2.370641576408720475e-01 -3.937636967080048502e-05 -1.991843056854458171e-05 -3.904009693010381454e-05 7.274868230474233538e-04 3.544036311753944357e-04 2.862743099652084928e-04 2.493088562464084168e-01 2.362547577742482585e-01 2.373504319508374649e-01
8.000000000000000000e+01 2.695209895153355961e-01 2.489093294314464744e-01 2.498696315885914065e-01 2.471104885884473357e-01 2.347997132965654044e-01 2.336482849859818633e-01 -4.222370365496680531e-05 -3.784821775271644633e-05 -3.700675439587647428e-05 1.043479638783791639e-03 1.114667459330237161e-04 1.177205419000013032e-03 2.481539682272310143e-01 2.349111800424983909e-01 2.348254904049819070e-01
8.250000000000000000e+01 2.604909967605412158e-01 2.528871155570742713e-01 2.480645813583961523e-01 2.423302537152741687e-01 2.357411596548216748e-01 2.318248115229825101e-01 -3.230783319465883662e-05 -2.761374117467299823e-05 -1.989271400263337302e-05 5.330683996456370448e-04 2.152035829746876952e-04 6.114840595282431497e-04 2.428633221149198440e-01 2.359563632377964515e-01 2.324362955825107491e-01
8.500000000000000000e+01 2.740014978352826036e-01 2.580848811504056206e-01 2.549179743128687781e-01 2.424744366952431840e-01 2.331475066643503846e-01 2.329604375597521260e-01 -3.367243559647902472e-05 -1.905034855181054107e-05 -1.293814325854532135e-05 1.574303455996583145e-03 1.979400323360726733e-03 7.080260822732938096e-04 2.440487401512397292e-01 2.351269069877112428e-01 2.336684636420253425e-01
8.750000000000000000e+01 2.676602243350458821e-01 2.475013533592038406e-01 2.426389102066482950e-01 2.435298302593643938e-01 2.320788045760627527e-01 2.309448824573685222e-01 5.836563113262486862e-05 2.331438793073663403e-05 1.161720002926302440e-05 -5.856771842382062308e-04 -3.597417744025101726e-04 -4.544055490757884820e-04 2.429441530751260681e-01 2.317190628016602139e-01 2.304904769082928573e-01
9.000000000000000000e+01 2.631953662765370572e-01 2.452810318237551024e-01 2.445385947369816682e-01 2.405330217000722082e-01 2.306103832152536226e-01 2.289948277856758696e-01 -2.056637440475982587e-05 -1.476645555454699727e-05 -2.385389108758153383e-05 -8.643827862145096394e-04 -4.973892755484488493e-04 -5.695305616140764826e-04 2.396686389138578954e-01 2.301129939397052182e-01 2.284252972240617685e-01
9.250000000000000000e+01 2.509510650712073465e-01 2.386636761016719954e-01 2.385160925273132893e-01 2.380295853187679722e-01 2.270670975411643588e-01 2.283770195401861325e-01 -3.166206928197433216e-05 -1.230603899676491057e-05 -2.311865775641747618e-06 1.472677473396955244e-03 2.634879594608612583e-04 1.274729830745159782e-03 2.395022627921649105e-01 2.273305855006251541e-01 2.296517493709312463e-01
9.500000000000000000e+01 2.558296460331395128e-01 2.317640319192692255e-01 2.391788605471106277e-01 2.303248212420329899e-01 2.206012279642193541e-01 2.225791535386347775e-01 -2.214533628559090520e-05 -7.801568075202274330e-06 -1.329589859725003304e-05 9.309879854461568141e-06 -3.020753580303306267e-05 9.307030294154011415e-05 2.303341311218875254e-01 2.205710204284163367e-01 2.226722238415763111e-01
9.750000000000000000e+01 2.386550174541643699e-01 2.240032004321369508e-01 2.169014198307324948e-01 2.141345501812224328e-01 2.065097817013506476e-01 2.069624299468549866e-01 0.000000000000000000e+00 0.000000000000000000e+00 0.000000000000000000e+00 3.532060310236152692e-04 2.475846028798156431e-04 -2.730584610286812755e-05 2.144877562122459169e-01 2.067573663042305276e-01 2.069351241007520714e-01
