#x_pos #P_tot_x #P_tot_y #P_tot_z #P_v2_x #P_v2_y #P_v2_z #P_obs_par_x #P_obs_par_y #P_obs_par_z #P_par_par_x #P_par_par_y #P_par_par_z #P_par_v2_x #P_par_v2_y #P_par_v2_z 
-9.750000000000000000e+01 3.254113943213870486e-01 2.623166287309554034e-01 2.589484311134014893e-01 1.911613834732109052e-01 1.807288106357568536e-01 1.813042159336019643e-01 0.000000000000000000e+00 0.000000000000000000e+00 0.000000000000000000e+00 3.399077150769073789e-04 -5.723574042637801618e-05 3.689244509476920773e-04 1.915012911882877644e-01 1.806715748953303669e-01 1.816731403845497639e-01
-9.500000000000000000e+01 4.709491576157435744e-01 3.541237307870642170e-01 3.564179658698690134e-01 2.016551062824116780e-01 1.953065149385177779e-01 1.942762220961146424e-01 -7.381227650939378047e-06 -3.149263198975134589e-06 -4.391942236838571661e-06 1.958618010483573722e-03 1.115103099980227757e-03 1.001480760421906771e-03 2.036137242928952873e-01 1.964216180384980026e-01 1.952777028565363671e-01
-9.250000000000000000e+01 6.197936989684065257e-01 4.570900438678180411e-01 4.545176235520072550e-01 2.140865508286578789e-01 2.087145859491748023e-01 2.072263531622448585e-01 8.250618585659592744e-05 4.035390336429064403e-05 1.700943461466338186e-04 3.068066267270596215e-03 1.595639898042351896e-03 2.171591978470789695e-03 2.171546170959283983e-01 2.103102258472171193e-01 2.093979451407156911e-01
-9.000000000000000000e+01 7.941349467703336940e-01 5.719937861179379412e-01 5.670557680629194630e-01 2.271732482927083241e-01 2.221556596739854561e-01 2.208605599602352920e-01 5.975245671367227234e-05 5.555154391746560972e-05 6.619670029188024472e-05 3.820375481077182851e-03 2.841393047028988993e-03 2.078928891891882250e-03 2.309936237737854614e-01 2.249970527210145566e-01 2.229394888521271656e-01
-8.750000000000000000e+01 8.049706717147293578e-01 5.825410730511164648e-01 5.447443122759780820e-01 2.382822177087931814e-01 2.327733089945825673e-01 2.329182976484841516e-01 5.485058224629565937e-04 3.496674212442301425e-05 2.153359664002580873e-05 4.543160336668924590e-03 9.728642614217977713e-04 1.913884361667171066e-03 2.428253780454620037e-01 2.337461732560043859e-01 2.348321820101513524e-01
-8.500000000000000000e+01 8.611284461301588200e-01 6.242397455744093104e-01 5.818660211147163031e-01 2.452027658431628065e-01 2.398713385295010159e-01 2.405480959589402778e-01 2.095085555833979324e-04 4.874436335080724455e-04 2.156762764777958574e-04 1.525471847172301092e-03 1.990620776316390315e-03 6.632080494459392968e-04 2.467282376903350560e-01 2.418619593058173589e-01 2.412113040083862237e-01
-8.250000000000000000e+01 8.116610836640412163e-01 6.061487825459537238e-01 5.358170379886044721e-01 2.511694834518712338e-01 2.467056528547905137e-01 2.453660198519543312e-01 1.232661759626538871e-05 -3.747147253360251875e-05 -1.209365792026686172e-05 2.230632925539161992e-03 8.640163897533131767e-04 1.966489775099982112e-03 2.534001163774103338e-01 2.475696692445439884e-01 2.473325096270543033e-01
-8.000000000000000000e+01 8.274296429923920781e-01 6.292719664209101005e-01 5.440943636887831669e-01 2.562553041764624728e-01 2.533169505087142781e-01 2.527300187066529036e-01 -2.561090948436225902e-05 -2.742459237752989678e-06 1.205882890144178377e-05 1.441321421373702822e-03 3.147646073572764346e-04 1.000881778497326622e-03 2.576966255978361264e-01 2.536317151160716876e-01 2.537309004851503458e-01
-7.750000000000000000e+01 8.257494249534920172e-01 6.198521427727787803e-01 5.557718138122198503e-01 2.620151756936719978e-01 2.610919071144514603e-01 2.601133119781102732e-01 -1.128401258994799728e-05 -5.401750518301791876e-06 -8.378977641518492846e-06 3.761529229960057074e-03 2.856772563817566897e-03 1.739039768038507742e-03 2.657767049236320900e-01 2.639486796782690159e-01 2.618523517461489591e-01
-7.500000000000000000e+01 8.145628724207450988e-01 6.166017130607351904e-01 5.445928841938404430e-01 2.694472215435361750e-01 2.663225170384176943e-01 2.652464986597065644e-01 -3.162596716893971996e-05 -5.802031786860120872e-06 -1.110823746994861007e-05 6.029317229858928082e-03 3.127836589214057043e-03 3.770542450505352632e-03 2.754765387733952298e-01 2.694503536276315891e-01 2.690170411102120185e-01
-7.250000000000000000e+01 8.508521518378473480e-01 6.321605991937467861e-01 5.686402294088194198e-01 2.745476536577870497e-01 2.690815947230858485e-01 2.698412936363337455e-01 2.690026621970956303e-05 1.742430459487821447e-05 1.771084574823677900e-05 3.072868567074850486e-03 2.354912214079350405e-03 1.809239701998293292e-03 2.776205222248619986e-01 2.714365069371652561e-01 2.716505333383318899e-01
-7.000000000000000000e+01 8.645998386527135038e-01 6.395224951677819236e-01 5.907740816790871818e-01 2.794221193468982567e-01 2.733636969196915345e-01 2.765610797784898156e-01 3.515986014193844583e-04 9.849768273541722162e-05 1.053216095499452849e-04 2.660163309246116672e-03 2.696743975341888127e-03 7.069050815833140744e-04 2.820822826561443786e-01 2.760604408950337874e-01 2.772679848600733687e-01
-6.750000000000000000e+01 8.436571341090225440e-01 6.432014270189654326e-01 5.890195319487212533e-01 2.834029866602131853e-01 2.771669352580089507e-01 2.813108415673493679e-01 5.741582630590886865e-04 2.766924545835628356e-04 4.491631785529093105e-04 3.084167615792045031e-03 3.461322055232718322e-03 1.949772476949666617e-03 2.864871542760051293e-01 2.806282573132415359e-01 2.832606140442989195e-01
-6.500000000000000000e+01 8.515863770049462156e-01 6.372116173728374910e-01 5.847213238957046366e-01 2.863859126947303491e-01 2.801641630565367969e-01 2.815562002528726460e-01 1.429919747992262295e-04 5.354522030714989296e-05 9.039090101441588912e-05 3.315662760052888285e-03 2.180255028591824087e-03 2.064409956981282102e-03 2.897015754547831445e-01 2.823444180851285568e-01 2.836206102098540183e-01
-6.250000000000000000e+01 8.467934288004893562e-01 6.536384752651360763e-01 5.873939182054969121e-01 2.897861615931856538e-01 2.856279143718175595e-01 2.869522196517573231e-01 -6.021630987185621616e-05 -3.977914785331562974e-05 -3.326760845588054035e-05 3.361513040342740868e-03 2.326553750641161943e-03 1.731771599701031027e-03 2.931476746335285322e-01 2.879544681224587288e-01 2.886839912514584938e-01
-6.000000000000000000e+01 8.478530089812054138e-01 6.426960511248579477e-01 5.928388698963907855e-01 2.944720648890434833e-01 2.931192604232616961e-01 2.931697136614337951e-01 -5.686128415069333460e-05 -2.265070914559561013e-05 -3.561744563517437292e-05 2.984992574677148864e-03 1.968108706043620801e-03 1.226121440611182244e-03 2.974570574637206977e-01 2.950873691293051104e-01 2.943958351020450337e-01
-5.750000000000000000e+01 8.617527976746142127e-01 6.561915641131370602e-01 6.050618769322911872e-01 3.006601008987285217e-01 2.988509722133922963e-01 2.972963519107701402e-01 -6.194826618281031472e-05 4.564724319770905350e-06 1.736559949686313598e-05 2.128526517808465319e-03 2.170223116892740483e-03 1.496055065466739276e-03 3.027886274165369485e-01 3.010211953302849297e-01 2.987924069762367685e-01
-5.500000000000000000e+01 8.828468938639928432e-01 6.724570104540642523e-01 6.323066531196572804e-01 3.078501367737440653e-01 3.042924355446061657e-01 3.023888507443717177e-01 -5.938344164908828992e-05 -3.748838291626205711e-05 -3.494968089141298147e-05 2.584318182591040323e-03 2.605025089889498151e-03 2.305485262971257530e-03 3.104344549563350375e-01 3.068974606344957445e-01 3.046943360073429696e-01
-5.250000000000000000e+01 8.858933546681652116e-01 6.750238059493552933e-01 6.319853635032364192e-01 3.137390944181304153e-01 3.087501908917287818e-01 3.067826464648205076e-01 -3.691818765538949944e-05 -2.301794919382983175e-05 -3.017126983141276404e-05 8.215087758574893479e-04 2.086945454165925126e-03 7.103669372941054296e-04 3.145606031939879865e-01 3.108371363458947156e-01 3.074930134021145456e-01
-5.000000000000000000e+01 8.645735138019869925e-01 6.587895074837419873e-01 6.098695438019996473e-01 3.186242769845241685e-01 3.148906184236432426e-01 3.107246778122715325e-01 -3.842881392781407555e-05 6.702253983359622893e-06 -6.978033623065517442e-05 2.714563773436915340e-03 2.258642246096594433e-03 1.815626042450037281e-03 3.213388407579611528e-01 3.171492606697399186e-01 3.125403038547217571e-01
-4.750000000000000000e+01 8.744683428543167381e-01 6.783357739380443396e-01 6.398180095368559694e-01 3.225424362111671273e-01 3.184801068229095034e-01 3.156982192586936797e-01 4.256151827535036518e-05 -1.513313992009705301e-05 2.345396632480735400e-04 3.561876926129974204e-03 2.339635272758573172e-03 1.314369893858771850e-03 3.261043131372972081e-01 3.208197420956681034e-01 3.170125891525523709e-01
-4.500000000000000000e+01 8.885035248649409967e-01 6.878381804451875192e-01 6.665788591144289343e-01 3.274610164412760649e-01 3.194008978500892937e-01 3.199685004221773932e-01 -9.282928487073751527e-05 -3.543613066026775229e-05 -6.382847482114319148e-05 3.571291378614846381e-03 2.076706335572601602e-03 1.759122130754791876e-03 3.310323078198908475e-01 3.214776041856620137e-01 3.217276225529321354e-01
-4.250000000000000000e+01 9.282238903945599917e-01 6.776436209729088667e-01 6.612606779639388366e-01 3.427455585984675590e-01 3.279390490293949689e-01 3.266731276099555936e-01 -2.714846631877340904e-05 -1.471563309527691420e-05 -7.503545391687591955e-06 6.478687318302324069e-03 3.073632936144070002e-03 2.910643168374037453e-03 3.492242459167700930e-01 3.310126819655391239e-01 3.295837707783297321e-01
-4.000000000000000000e+01 1.677325486917333963e+00 8.525144753008503384e-01 8.463812421308041234e-01 3.701339786418930133e-01 3.361484959460712685e-01 3.349087915518549341e-01 1.306683656074886901e+00 5.158980421768398772e-01 5.105023700802540088e-01 5.078522005533308214e-04 4.679371779390404306e-04 9.700804986950239787e-04 3.706418308424461738e-01 3.366164331240102392e-01 3.358788720505498926e-01
-3.950000000000000000e+01 1.206724327089530480e+00 9.528815902842174834e-01 9.700974259132431055e-01 7.888385902372726521e-01 7.057680728311918061e-01 6.991346348577005543e-01 4.103310881480905503e-01 2.441249865614057157e-01 2.691068634393520842e-01 7.554648704167072487e-03 2.988530891620195737e-03 1.855927616190013348e-03 7.963932389414399848e-01 7.087566037228121285e-01 7.009905624738904661e-01
-3.900000000000000000e+01 1.145739191437894711e+00 9.115031855025245155e-01 9.053009118747985529e-01 7.399893463881482836e-01 6.513076758356115548e-01 6.453529557572568187e-01 3.957740252399599146e-01 2.561400546556347191e-01 2.577720262035175236e-01 9.975819809785665959e-03 4.055455011278478496e-03 2.175929914023988498e-03 7.499651661979344075e-01 6.553631308468900185e-01 6.475288856712808627e-01
-3.850000000000000000e+01 1.065610880323058396e+00 8.136072370168884182e-01 8.060774274189741462e-01 6.090415325571172378e-01 5.194384341642339642e-01 5.192307811759703240e-01 4.457378373397929971e-01 2.893365403354202225e-01 2.819279437449654924e-01 1.083151042614804126e-02 4.832262517234001652e-03 4.918702498038911818e-03 6.198730429832651767e-01 5.242706966814678626e-01 5.241494836740092644e-01
-3.800000000000000000e+01 8.907504548403092359e-01 6.488246310604107725e-01 6.502084108730037393e-01 4.833204156251589834e-01 3.946668643556634493e-01 3.994526568371527531e-01 4.000070173965807885e-01 2.480721930792387231e-01 2.485326041799531538e-01 7.423021818569340916e-03 6.085573625508426676e-03 2.223149855897864520e-03 4.907434374437285585e-01 4.007524379811718274e-01 4.016758066930505855e-01
-3.750000000000000000e+01 8.908041687131188491e-01 6.404049572230280374e-01 6.326429312386308013e-01 4.370961046361918623e-01 3.429865083622714028e-01 3.477686696406158129e-01 4.445900410333058494e-01 2.912578863289438935e-01 2.790161305886774135e-01 9.118023043620944804e-03 6.160562531812657783e-03 5.858131009337675527e-03 4.462141276798129996e-01 3.491470708940842549e-01 3.536268006499534433e-01
-3.700000000000000000e+01 8.124736713094768970e-01 6.168576885279617450e-01 5.930145602382362879e-01 4.420503584764865490e-01 3.433479801847877377e-01 3.495171718065670508e-01 3.578907737962355173e-01 2.592516060922594456e-01 2.354061756786416659e-01 1.253253903675448887e-02 1.425810225091452867e-02 8.091212753027147986e-03 4.545828975132411576e-01 3.576060824357022438e-01 3.576083845595942057e-01
-3.650000000000000000e+01 7.927756946128107218e-01 5.926176264186122644e-01 5.899026560126126029e-01 4.491661171131954844e-01 3.470132418259674889e-01 3.548087831231117595e-01 3.370416965045615054e-01 2.433942204271470899e-01 2.321261548439111921e-01 6.567880995053653956e-03 2.210164165497754962e-03 2.967718045589467363e-03 4.557339981082488833e-01 3.492234059914651745e-01 3.577765011687014662e-01
-3.600000000000000000e+01 8.008849042680431518e-01 5.816581298977447911e-01 5.876277844636342840e-01 4.495708985806951552e-01 3.488796811233338402e-01 3.572694843023927480e-01 3.511266894922178694e-01 2.312422624817335182e-01 2.273714303747233212e-01 1.873161951300958178e-04 1.536186292677265168e-03 2.986869786517886913e-03 4.497582147758250048e-01 3.504158674160111064e-01 3.602563540889107130e-01
-3.550000000000000000e+01 7.868293533690287056e-01 5.575526180939176513e-01 5.735335418204742242e-01 4.518365286743775133e-01 3.486437973754880071e-01 3.556416631016445229e-01 3.268905914883618036e-01 2.017225594830838187e-01 2.161471997574022641e-01 8.102233206289657583e-03 7.186261235345848923e-03 1.744678961427543855e-03 4.599387618806672351e-01 3.558300586108338326e-01 3.573863420630719601e-01
-3.500000000000000000e+01 8.032574442325597364e-01 5.746067100004165207e-01 5.607839804214074242e-01 4.545027618025458405e-01 3.505393745276576545e-01 3.533107607229838965e-01 3.442274315017697650e-01 2.223564711225156643e-01 2.049258141518697507e-01 4.527250928244169921e-03 1.710864350243447400e-03 2.547405546553677298e-03 4.590300127307896383e-01 3.522502388779013005e-01 3.558581662695376457e-01
-3.450000000000000000e+01 8.516864700617774453e-01 5.984625700606076570e-01 6.027943541251354898e-01 4.553067030730961751e-01 3.515955693443665875e-01 3.566249330519605243e-01 3.910557438411019215e-01 2.428872823909779266e-01 2.441427414130573903e-01 5.324023147579176954e-03 3.979718325263114330e-03 2.026679660117500139e-03 4.606307262206753572e-01 3.555752876696295361e-01 3.586516127120779052e-01
-3.400000000000000000e+01 8.409118289030209636e-01 6.089789737855467733e-01 6.048928736872877243e-01 4.544622926221100756e-01 3.525436535380258585e-01 3.574724613749643010e-01 3.813181509367229993e-01 2.520601867718934574e-01 2.463978995898984392e-01 5.131385344188531435e-03 4.375133475627413122e-03 1.022512722424845366e-03 4.595936779662984084e-01 3.569187870136532048e-01 3.584949740973892851e-01
-3.350000000000000000e+01 8.503278599891447298e-01 6.051179822406593800e-01 5.891708707626276409e-01 4.582456182969456560e-01 3.551043292903479642e-01 3.583282899377572273e-01 3.838924639413285322e-01 2.446881546943405206e-01 2.248065776025447438e-01 8.189777750871062023e-03 5.325498255970618523e-03 6.036003222325631717e-03 4.664353960478165861e-01 3.604298275463186374e-01 3.643642931600828416e-01
-3.300000000000000000e+01 8.329747653989570955e-01 5.814219184574280774e-01 5.720013648886975721e-01 4.628413313739774271e-01 3.598471585868929790e-01 3.605054987975622738e-01 3.659824302757331838e-01 2.185069899412973859e-01 2.092934482706958477e-01 4.151003749246287740e-03 3.067769929237694308e-03 2.202417820439541308e-03 4.669923351232238007e-01 3.629149285161309968e-01 3.627079166180016134e-01
-3.250000000000000000e+01 8.146708047942072817e-01 5.802010341872125831e-01 5.662640013235745728e-01 4.624672114433816539e-01 3.628391142566392280e-01 3.632924807285202728e-01 3.473954723982407566e-01 2.154097887665996081e-01 1.974736075452215855e-01 4.808120952584844267e-03 1.952131163973569927e-03 5.497913049833059659e-03 4.672753323959662475e-01 3.647912454206128086e-01 3.687903937783532649e-01
-3.200000000000000000e+01 7.890062777807556049e-01 5.627948216288561900e-01 5.653105294979412498e-01 4.675662334941351750e-01 3.646154958763854204e-01 3.655800515961617481e-01 3.044614064298641898e-01 1.940390560538739761e-01 1.927209447130617814e-01 1.697863785675631648e-02 4.140269698596960035e-03 7.009533188717953674e-03 4.845448713508914707e-01 3.687557655749821861e-01 3.725895847848798570e-01
-3.150000000000000000e+01 7.890316060707220913e-01 5.813291009484038430e-01 5.857690774522051891e-01 4.653017591736526848e-01 3.660044217012917156e-01 3.638851654026641347e-01 3.080041197051700541e-01 2.079830886742226048e-01 2.124173762627859507e-01 1.572572719189926915e-02 7.341590572889343004e-03 9.466535786755183451e-03 4.810274863655520372e-01 3.733460122741809606e-01 3.733517011894194049e-01
-3.100000000000000000e+01 8.096328861773617325e-01 5.692283905778450226e-01 5.876345829518510033e-01 4.682090075477157165e-01 3.679633918828884576e-01 3.657968291179262144e-01 3.380213712353026256e-01 1.981348084426464151e-01 2.207149523558340209e-01 3.402507394342936704e-03 3.130190252310414891e-03 1.122801478090740485e-03 4.716115149420587738e-01 3.710935821351987740e-01 3.669196305960170656e-01
-3.050000000000000000e+01 8.150038914802084644e-01 5.891135304808929885e-01 5.814347537002835242e-01 4.670660604213300315e-01 3.704040327337763672e-01 3.691418004985248524e-01 3.390233565313765518e-01 2.137989834082608120e-01 2.065300485273893205e-01 8.914474527501790868e-03 4.910514338855698213e-03 5.762904674369156988e-03 4.759805349488320791e-01 3.753145470726320099e-01 3.749047051728940372e-01
-3.000000000000000000e+01 8.095378294151314158e-01 5.842519749139725160e-01 6.063110293975005893e-01 4.689774230820862311e-01 3.733059822947970563e-01 3.766674599595202233e-01 3.330589023710451846e-01 2.051674397081202639e-01 2.252285282607324746e-01 7.501503962000217844e-03 5.778552911054897490e-03 4.415041177247541054e-03 4.764789270440863422e-01 3.790845352058520024e-01 3.810825011367678927e-01
-2.950000000000000000e+01 7.749358906972837469e-01 5.654140137997086812e-01 5.782185051950944343e-01 4.696362261387780346e-01 3.760598256303647746e-01 3.771672697311153621e-01 3.046062260112623044e-01 1.888028714115797535e-01 2.006605558326593486e-01 6.934385472434667934e-04 5.513167577645024502e-04 3.906796313197192171e-04 4.703296646860216090e-01 3.766111423881292053e-01 3.775579493624351968e-01
-2.900000000000000000e+01 7.787222351227698347e-01 5.834277592757071140e-01 5.899402000293076931e-01 4.727586819767994886e-01 3.763836318934414837e-01 3.813764288686248838e-01 3.029841089758613659e-01 2.029782004417548802e-01 2.047298964551405032e-01 2.979444170108956364e-03 4.065926940511100512e-03 3.833874705542195116e-03 4.757381261469087463e-01 3.804495588339523171e-01 3.852103035741672454e-01
-2.850000000000000000e+01 8.079782087254399059e-01 5.859900070812913420e-01 6.139209154434113191e-01 4.778358606151160703e-01 3.779275631916965694e-01 3.832144248490242933e-01 3.264512157212616228e-01 2.081426743882133501e-01 2.314249519686374934e-01 3.691132389062293847e-03 -8.023049861900114572e-05 -7.184613742504799899e-04 4.815269930041782831e-01 3.778473326930776310e-01 3.824959634747735482e-01
-2.800000000000000000e+01 7.859099642145922493e-01 5.770587295774989300e-01 5.565686432684685547e-01 4.776180306958587307e-01 3.754163718995994770e-01 3.826878278594138538e-01 2.989019158246243313e-01 1.924693976180023580e-01 1.678247011241351672e-01 9.390017694109360769e-03 9.172960059896961491e-03 6.056114284919572772e-03 4.870080483899679735e-01 3.845893319594966830e-01 3.887439421443336096e-01
-2.750000000000000000e+01 7.487113171642347798e-01 5.576028069669386467e-01 5.713782496537662681e-01 4.822107938215538514e-01 3.791315744631007512e-01 3.849448701202849432e-01 2.634802553512192724e-01 1.785934991640955871e-01 1.866172292882304906e-01 3.020267991461954727e-03 -1.222666602578814882e-04 -1.838497547494076468e-04 4.852310618130159514e-01 3.790093078028428653e-01 3.847610203655353334e-01
-2.700000000000000000e+01 7.637949829149145442e-01 5.877563762892770161e-01 5.437077427218059977e-01 4.800893038486426234e-01 3.787875938800384090e-01 3.833398275856807480e-01 2.762053185191445381e-01 2.073325712911272545e-01 1.585291548908746573e-01 7.500360547127513620e-03 1.636211118111175183e-03 1.838760245250719086e-03 4.875896643957701726e-01 3.804238049981495950e-01 3.851785878309316180e-01
-2.650000000000000000e+01 7.524123650796528118e-01 5.802122689446082004e-01 5.765295863850631308e-01 4.833522690242778586e-01 3.761810176727774513e-01 3.842140848677471077e-01 2.544709773446943157e-01 2.004710086633144372e-01 1.865005787676982940e-01 1.458911871068031309e-02 3.560242608516353546e-03 5.814922749617914763e-03 4.979413877349579409e-01 3.797412602812936799e-01 3.900290076173651421e-01
-2.600000000000000000e+01 7.570290156847677698e-01 5.378799593494111297e-01 5.663828644925695821e-01 4.832201222262673679e-01 3.734624965572389543e-01 3.868305787629321424e-01 2.661610494242273584e-01 1.628691021776098036e-01 1.761841436799208016e-01 7.647844034273036662e-03 1.548360614562375743e-03 3.368142049716816352e-03 4.908679662605406890e-01 3.750108571718013817e-01 3.901987208126487805e-01
-2.550000000000000000e+01 7.564940827959009129e-01 5.404830829529195801e-01 5.636499373980833338e-01 4.844392870801160211e-01 3.741137714424256355e-01 3.875891997974350023e-01 2.609639982533784042e-01 1.611546383206787503e-01 1.663718428765114943e-01 1.109079746240666971e-02 5.214673189815266334e-03 9.688894724136689826e-03 4.955300845425225087e-01 3.793284446322410242e-01 3.972780945215718673e-01
-2.500000000000000000e+01 7.616176895406749914e-01 5.219760450619294057e-01 5.561774603007791917e-01 4.846655327560623894e-01 3.763192002046856222e-01 3.865242211187727706e-01 2.713917719160529596e-01 1.427106545704144025e-01 1.641655013631759252e-01 5.560384868559385685e-03 2.946190286829331560e-03 5.487737818830457776e-03 4.902259176246221983e-01 3.792653904915148644e-01 3.920119589376034330e-01
-2.450000000000000000e+01 7.758567925373809349e-01 5.557053396392277467e-01 5.598783919201913983e-01 4.879472498771516564e-01 3.773417243186923398e-01 3.885818978023792281e-01 2.788703517389236608e-01 1.736818805321534431e-01 1.611412148346790529e-01 9.039190921305470180e-03 4.681734788382109491e-03 1.015527928313315030e-02 4.969864407984570520e-01 3.820234591070743035e-01 3.987371770855123732e-01
-2.400000000000000000e+01 7.373186603163357500e-01 5.466562629034877885e-01 5.455169818509745250e-01 4.868192526373635864e-01 3.774717323798298940e-01 3.856794645506416153e-01 2.432036807161942482e-01 1.647181492987946916e-01 1.475464782993202439e-01 7.295726962778074920e-03 4.466381224863071910e-03 1.229103900101284619e-02 4.941149796001420014e-01 3.819381136046925418e-01 3.979705035516541978e-01
-2.350000000000000000e+01 7.649935921045855070e-01 5.607800624013171698e-01 5.605949891212709257e-01 4.879966937252165349e-01 3.775096569408590841e-01 3.864517077920365251e-01 2.646414640598536705e-01 1.725675008075224781e-01 1.679540478864782471e-01 1.235543431951571965e-02 1.070290465293541847e-02 6.189233442756360802e-03 5.003521280447322805e-01 3.882125615937944696e-01 3.926409412347928174e-01
-2.300000000000000000e+01 7.707435958035708801e-01 5.583066551335198469e-01 5.457573166051524760e-01 4.888358094223089201e-01 3.786114511104943792e-01 3.854610490133208445e-01 2.673226990982440210e-01 1.728489192437711319e-01 1.552682139141585704e-01 1.458508728301827900e-02 6.846284779254433774e-03 5.028053677673113148e-03 5.034208967053271921e-01 3.854577358897485206e-01 3.904891026909938501e-01
-2.250000000000000000e+01 7.734269606962643762e-01 5.422489295306888168e-01 5.408295082225361705e-01 4.922206140571805943e-01 3.769642629926541200e-01 3.831566355723398098e-01 2.729430037997006564e-01 1.605458394671881173e-01 1.541698402417621960e-01 8.263342839383108068e-03 4.738827070846472062e-03 3.503032408434148589e-03 5.004839568965636643e-01 3.817030900635007273e-01 3.866596679807742798e-01
-2.200000000000000000e+01 7.703597829713967338e-01 5.506739101875902653e-01 5.597946428388309581e-01 4.930434576620326692e-01 3.784213243321654097e-01 3.882412133060343939e-01 2.633067741889328905e-01 1.639290267523957345e-01 1.662849349432656554e-01 1.400955112043127636e-02 8.323559103029237391e-03 5.268494589530794275e-03 5.070530087824637322e-01 3.867448834351945863e-01 3.935097078955650529e-01
-2.150000000000000000e+01 7.343076685222001965e-01 5.308461501603929378e-01 5.449830215334644512e-01 4.942277302620207147e-01 3.831835056569733444e-01 3.883610370773868947e-01 2.253284536317246012e-01 1.430728082713839111e-01 1.530339357240685649e-01 1.475148462845478348e-02 4.589836232035437655e-03 3.588048732008767769e-03 5.089792148904754843e-01 3.877733418890086381e-01 3.919490858093956365e-01
-2.100000000000000000e+01 7.141826786612668343e-01 5.462938549448407288e-01 5.397577671202028471e-01 4.961395143658648421e-01 3.873472369066615628e-01 3.852156198691792377e-01 2.118206025190635944e-01 1.509188642076619846e-01 1.483617407119142140e-01 6.222561776338281572e-03 8.027753830516747707e-03 6.180406539109384138e-03 5.023620761422029624e-01 3.953749907371783001e-01 3.913960264082886331e-01
-2.050000000000000000e+01 7.427572496698050530e-01 5.531801609575771606e-01 5.433324582140427461e-01 4.990545219673858113e-01 3.866820158140573671e-01 3.837812559581088578e-01 2.356913989640160578e-01 1.614143928316863486e-01 1.519423382453463089e-01 8.011328738403348734e-03 5.083752311833853420e-03 7.608864010587662596e-03 5.070658507057890230e-01 3.917657681258910340e-01 3.913901199686963261e-01
-2.000000000000000000e+01 7.238553120351753911e-01 5.306522198793152123e-01 5.291674454643284786e-01 4.995833469868153909e-01 3.843596777441593559e-01 3.814244429522535840e-01 2.133081925155257685e-01 1.402002810938173805e-01 1.400290243182917005e-01 1.096377253283459946e-02 6.092261041338197479e-03 7.713978193783439623e-03 5.105471195196499279e-01 3.904519387854978874e-01 3.891384211460370834e-01
-1.950000000000000000e+01 6.970035498721555145e-01 5.136358634175796078e-01 4.940533247223272695e-01 5.001221021933944799e-01 3.837203697456172957e-01 3.801417684552976239e-01 1.920888255964802172e-01 1.208506286463813112e-01 1.121254314443807382e-01 4.792622082280769726e-03 9.064865025581160529e-03 1.786124822649070220e-03 5.049147242756754084e-01 3.927852347711985326e-01 3.819278932779466840e-01
-1.900000000000000000e+01 7.568152039007033371e-01 5.673259469234633867e-01 5.746069977592389577e-01 5.058325956741516194e-01 3.902927799606437098e-01 3.874518053294987996e-01 2.482434756969357226e-01 1.754101526348367801e-01 1.840609280144091253e-01 2.739132529616114010e-03 1.623014327982731349e-03 3.094264415331050583e-03 5.085717282037677256e-01 3.919157942886264401e-01 3.905460697448298601e-01
-1.850000000000000000e+01 7.173040870524309831e-01 5.480104973694179815e-01 5.257459542506882633e-01 5.052044682313582280e-01 3.921703815404210536e-01 3.894582840320640615e-01 2.129362484885346241e-01 1.580069637468937971e-01 1.369081978250968057e-01 -8.366296674621171272e-04 -2.166847917896784145e-03 -6.205276064727616083e-04 5.043678385638962203e-01 3.900035336225242677e-01 3.888377564255914298e-01
-1.800000000000000000e+01 7.307721797271178321e-01 5.400701536768732769e-01 5.224566986253487144e-01 5.080769637902811109e-01 3.927661392732610390e-01 3.913498744413910213e-01 2.203254383104550906e-01 1.457021309872579273e-01 1.278416572630957648e-01 2.369777626381415914e-03 1.601883416354392712e-03 3.265166920862196294e-03 5.104467414166624639e-01 3.943680226896152941e-01 3.946150413622529496e-01
-1.750000000000000000e+01 7.461521114390957665e-01 5.486451083738571599e-01 5.396843871387684288e-01 5.095453864876965389e-01 3.948833186421369934e-01 3.969034809933027486e-01 2.238361729849633608e-01 1.477805226623084278e-01 1.370942379105449804e-01 1.277055196643605596e-02 5.981267069411996297e-03 5.686668234920821269e-03 5.223159384541324890e-01 4.008645857115488709e-01 4.025901492282233929e-01
-1.700000000000000000e+01 7.640388995810915018e-01 5.829948292581282887e-01 5.713386053999797154e-01 5.099717228276942071e-01 3.975175160644791594e-01 3.952071984155855477e-01 2.463632991639882752e-01 1.772002196822544118e-01 1.729190120996311475e-01 7.703877589409189458e-03 8.277093511394540554e-03 3.212394884763032296e-03 5.176756004171032544e-01 4.057946095758739879e-01 3.984195933003485401e-01
-1.650000000000000000e+01 7.846463425105772993e-01 5.546203367619358948e-01 5.649579666156653301e-01 5.115985858848557388e-01 3.966028482820948553e-01 3.967501495536439604e-01 2.677723650913926279e-01 1.535351516047621656e-01 1.617358335780642864e-01 5.275391534329667252e-03 4.482336875078627575e-03 6.471983483956935887e-03 5.168739774191852820e-01 4.010851851571735627e-01 4.032221330376008495e-01
-1.600000000000000000e+01 7.510987393045854832e-01 5.613517668328972254e-01 5.570999928623121544e-01 5.153471203474835338e-01 3.976380585577674598e-01 4.007024780021465893e-01 2.237059931896846210e-01 1.593639608535605268e-01 1.466859722717759051e-01 1.204562576741723123e-02 4.349747421569213728e-03 9.711542588389705105e-03 5.273927461149007234e-01 4.019878059793367542e-01 4.104140205905361105e-01
-1.550000000000000000e+01 7.534822352196216544e-01 5.481120352106830795e-01 5.566458324524200529e-01 5.148979453043170951e-01 4.010305591291254412e-01 4.026871308292503948e-01 2.269119527713855389e-01 1.379539852298387603e-01 1.418954215997762225e-01 1.167233714391899095e-02 9.127490851718288167e-03 1.206328002339357268e-02 5.265702824482362265e-01 4.101580499808438196e-01 4.147504108526436362e-01
-1.500000000000000000e+01 7.794135483413013876e-01 5.729997097984314003e-01 5.716064854113495075e-01 5.117673505126574263e-01 4.010460917191642216e-01 4.057604154757517012e-01 2.696145538812194653e-01 1.729695544293995690e-01 1.671361512518636239e-01 -1.968356052575805787e-03 -1.015936350132415301e-03 -1.290081316266147382e-03 5.097989944600815893e-01 4.000301553690316925e-01 4.044703341594856894e-01
-1.450000000000000000e+01 7.244612251085722487e-01 5.410015388425639671e-01 5.363028640378378897e-01 5.124168781849801624e-01 4.035958445209293921e-01 4.082682974142186061e-01 2.083629013051915557e-01 1.362248009337576615e-01 1.265159729095651220e-01 3.681445618400413979e-03 1.180893387876912146e-03 1.518593714053963683e-03 5.160983238033807208e-01 4.047767379088060280e-01 4.097868911282727122e-01
-1.400000000000000000e+01 7.707173445843296111e-01 6.040911895612917082e-01 6.161116245737027208e-01 5.100371877848427493e-01 4.012356851716361028e-01 4.056363481254780523e-01 2.498494805690341936e-01 1.991656258644784461e-01 2.057436746748196876e-01 1.083067623045281570e-02 3.689878525176919048e-03 4.731601773405180386e-03 5.208678640152957229e-01 4.049255636968130401e-01 4.103679498988831442e-01
-1.350000000000000000e+01 7.800304787291776343e-01 5.508590768918599778e-01 5.674501403760821017e-01 5.149927836073453502e-01 4.005863483435531114e-01 4.055526309547797803e-01 2.559423630018267115e-01 1.415893940429931996e-01 1.555096064784404486e-01 9.095332120005777260e-03 8.683334505313652918e-03 6.387902942861939555e-03 5.240881157273507007e-01 4.092696828488666672e-01 4.119405338976415143e-01
-1.300000000000000000e+01 7.695833645985998839e-01 5.514065899461291220e-01 5.772053195441951834e-01 5.188285460891179923e-01 4.039998857907718399e-01 4.069531549088927780e-01 2.418344134050907646e-01 1.445596146946284133e-01 1.615197403600542314e-01 8.920405104391302201e-03 2.847089460728679730e-03 8.732424275248111545e-03 5.277489511935090638e-01 4.068469752515003757e-01 4.156855791841409520e-01
-1.250000000000000000e+01 7.481264521552664082e-01 5.405649988552444496e-01 5.599660150409170312e-01 5.172177671784804476e-01 4.018799508936234388e-01 4.034732884644803841e-01 2.272703412938607004e-01 1.365646734034120513e-01 1.547823511808975594e-01 3.638343682925230735e-03 2.120374558208726595e-03 1.710375395539108284e-03 5.208561108614059298e-01 4.040003254518323428e-01 4.051836638600195273e-01
-1.200000000000000000e+01 6.999041680202509053e-01 5.347375320005673949e-01 5.074267689899332190e-01 5.211468979344158203e-01 4.012590386555877631e-01 4.040838922395736388e-01 1.762880441221661987e-01 1.326339475775737686e-01 1.037467272413768876e-01 2.469225963668845482e-03 8.445457674057571442e-04 -4.038504910173337033e-04 5.236161238980846511e-01 4.021035844229936540e-01 4.036800417485566506e-01
-1.150000000000000000e+01 7.016476848971348046e-01 5.437291292762330697e-01 5.450112159698540237e-01 5.178407847862580571e-01 4.023208574353800970e-01 3.991555742022824815e-01 1.781135013583659832e-01 1.361541402027778014e-01 1.418595062498294312e-01 5.693398752510684530e-03 5.254131638074981299e-03 3.996135517742113556e-03 5.235341835387690157e-01 4.075749890734552960e-01 4.031517097200245647e-01
-1.100000000000000000e+01 6.900969468558086906e-01 5.170889746175129087e-01 5.108353257203671616e-01 5.172384046220375176e-01 4.027000728458532408e-01 3.983861658116463200e-01 1.623917170820076139e-01 1.111060921119493700e-01 1.024820106188208402e-01 1.046682515176364063e-02 3.282809659710343459e-03 9.967149289899775860e-03 5.277052297738011877e-01 4.059828825055634138e-01 4.083533151015461549e-01
-1.050000000000000000e+01 7.422127201457054957e-01 5.448475832683643549e-01 5.434511212924307832e-01 5.169239797012373794e-01 3.991593632528595004e-01 3.975634404692753310e-01 2.149036857106151333e-01 1.391183639664860527e-01 1.365570780769974069e-01 1.038505473385262050e-02 6.569856049018617944e-03 9.330602746158099189e-03 5.273090344350900294e-01 4.057292193018781079e-01 4.068940432154335429e-01
-1.000000000000000000e+01 7.317701010079104007e-01 5.491123137918659802e-01 5.341979095972304581e-01 5.228827357269012488e-01 3.990546997291523623e-01 3.941777106704495437e-01 2.019077914718762634e-01 1.439804772167990465e-01 1.330327318331891162e-01 6.979573809133282278e-03 6.077136845914641629e-03 6.987467093591815531e-03 5.298623095360341928e-01 4.051318365750669614e-01 4.011651777640411476e-01
-9.500000000000000000e+00 6.941770250064149828e-01 5.240031338182837839e-01 5.151139497473898876e-01 5.170981121153890303e-01 3.976174943431042275e-01 3.919675368817487349e-01 1.731126876511991652e-01 1.203306985634255560e-01 1.233733534284029015e-01 3.966225239826579908e-03 6.054940911753860754e-03 -2.269405627614941355e-04 5.210643373552154012e-01 4.036724352548580197e-01 3.917405963189871665e-01
-9.000000000000000000e+00 7.014132507411742212e-01 5.335324466257024278e-01 5.339400604621918900e-01 5.192267718046256197e-01 3.993322647662519431e-01 3.904580023586401438e-01 1.850637810434508645e-01 1.359159939972886533e-01 1.457611216495255935e-01 -2.877302106902529348e-03 -1.715812137838267429e-03 -2.279063545973535488e-03 5.163494696977228848e-01 3.976164526284137746e-01 3.881789388126663520e-01
-8.500000000000000000e+00 6.813045097529386585e-01 5.283070464434709290e-01 5.113156535670342340e-01 5.153832497190797834e-01 3.991759309062717365e-01 3.890526802692161890e-01 1.644172889824100647e-01 1.283206159363180776e-01 1.197900739090996119e-01 1.503971051448558735e-03 8.104996008811972364e-04 2.472899388718530645e-03 5.168872207705282884e-01 3.999864305071531012e-01 3.915255796579349967e-01
-8.000000000000000000e+00 7.012791879479042256e-01 5.034566016119699228e-01 5.091515894139981846e-01 5.112527477345016891e-01 3.966281503425255761e-01 3.855759572526570866e-01 1.792148879204652767e-01 1.025567271015103699e-01 1.161025430577912604e-01 1.081155229293713840e-02 4.271724167934207519e-03 7.473089103549736961e-03 5.220643000274391987e-01 4.008998745104595529e-01 3.930490463562070214e-01
-7.500000000000000000e+00 7.120111753987070635e-01 5.145362003367816017e-01 5.042143958751779120e-01 5.155724528970047071e-01 3.966008896019224683e-01 3.853396368778190806e-01 1.746494172082100615e-01 1.052416243934671258e-01 1.029117613597156505e-01 2.178930529349290546e-02 1.269368634139207350e-02 1.596299763764325030e-02 5.373617581904975848e-01 4.092945759433147535e-01 4.013026345154622754e-01
-7.000000000000000000e+00 6.984300032924452006e-01 5.221980542185723495e-01 5.255238010235074864e-01 5.171394998373396446e-01 3.967415233688417198e-01 3.861825881635790325e-01 1.730640679052112552e-01 1.182206973285152285e-01 1.339633618593303876e-01 8.226435549894267965e-03 7.235833521215604205e-03 5.377851000598014158e-03 5.253659353872339732e-01 4.039773568900573708e-01 3.915604391641770987e-01
-6.500000000000000000e+00 6.472326251787283713e-01 5.178111509046721128e-01 4.981888889030659517e-01 5.178523503477421297e-01 3.927428876497006116e-01 3.924510877767338202e-01 1.258743549065904355e-01 1.217422105334904775e-01 1.037957129671826517e-01 3.505919924395633526e-03 3.326052721481005496e-03 1.942088159149610608e-03 5.213582702721376583e-01 3.960689403711813994e-01 3.943931759358835776e-01
-6.000000000000000000e+00 6.805209875548539067e-01 5.100010083635618807e-01 5.039421205063284726e-01 5.138676015608030223e-01 3.931519416443161052e-01 3.903625511247277857e-01 1.670615857419967543e-01 1.124967006895992716e-01 1.136896294578102901e-01 -4.081997479460007473e-04 4.352366029646807452e-03 -1.100600762095310631e-04 5.134594018128573190e-01 3.975043076739626646e-01 3.902524910485180021e-01
-5.500000000000000000e+00 7.107353808809324658e-01 5.140222071962962103e-01 5.189005600980616251e-01 5.154462459805313479e-01 3.955990295443344018e-01 3.909842096642496823e-01 1.841251923612635122e-01 1.152930848759731453e-01 1.281710667351516897e-01 1.116394253913778785e-02 3.130092775988560418e-03 -2.547163013398230408e-04 5.266101885196691201e-01 3.987291223203229262e-01 3.907294933629096856e-01
-5.000000000000000000e+00 6.912639290808709758e-01 5.113367816377771824e-01 4.969813199682585614e-01 5.204015016297547369e-01 3.990291611528544724e-01 3.939216620295379334e-01 1.665228837136628615e-01 1.119011217736967378e-01 1.030366667605367714e-01 4.339543737453911698e-03 4.064987112259455795e-04 2.299117818360824964e-05 5.247410453672084474e-01 3.994356598640804723e-01 3.939446532077216512e-01
-4.500000000000000000e+00 6.588373804733882455e-01 4.889464672530970391e-01 4.783911676292151305e-01 5.259084528595836527e-01 3.973015527794329649e-01 3.953265055393367922e-01 1.208092312694699771e-01 8.353638990055184399e-02 8.102836003241391249e-02 1.211969634433453583e-02 8.108524573112538963e-03 2.036302057464404579e-03 5.380281492039180602e-01 4.054100773525453061e-01 3.973628075968013706e-01
-4.000000000000000000e+00 6.578845419640282355e-01 4.870260137985988336e-01 4.881421362661745866e-01 5.239517788460561487e-01 3.951250230211663106e-01 3.972360255157048603e-01 1.256399837321865443e-01 8.715761019523102227e-02 8.759850035308805460e-02 8.292779385785769772e-03 4.743380582201566636e-03 3.307610397381335193e-03 5.322445582318418023e-01 3.998684036033676170e-01 4.005436359130864488e-01
-3.500000000000000000e+00 6.758980272085540753e-01 5.041896211510050740e-01 5.247859089935759114e-01 5.224172856466092751e-01 3.946417640929945625e-01 4.023032376921155118e-01 1.494437966518946670e-01 1.058540485639382356e-01 1.163342868797169610e-01 4.036944910049833878e-03 3.693808494072147158e-03 6.148384421743678836e-03 5.264542305566591862e-01 3.983355725870668107e-01 4.084516221138592140e-01
-3.000000000000000000e+00 7.213206290661241527e-01 5.317129537466441791e-01 5.366163313029284065e-01 5.203544871359931934e-01 3.961089531925460205e-01 4.045203847719235912e-01 1.908214633987642961e-01 1.286563633257426786e-01 1.258631180808078565e-01 1.014467853136687310e-02 6.947637228355371501e-03 6.232828450196800131e-03 5.304991656673601064e-01 4.030565904209013617e-01 4.107532132221207721e-01
-2.500000000000000000e+00 7.015330263807624256e-01 5.140145902151455060e-01 5.355534907537793377e-01 5.132314441452318077e-01 3.941427350625658632e-01 4.047218482022824082e-01 1.839271459072674419e-01 1.193655826295833000e-01 1.285196855984452879e-01 4.374436328263292192e-03 5.062725229961976669e-04 2.311956953051309740e-03 5.176058804734949836e-01 3.946490075855622059e-01 4.070338051553336056e-01
-2.000000000000000000e+00 6.729545764871772695e-01 5.070094221300479598e-01 4.948638982835183997e-01 5.141991513302529571e-01 3.922346411201534933e-01 4.043101155082001741e-01 1.556055876748161371e-01 1.111780432121108747e-01 8.825497430059259241e-02 3.149837482108020555e-03 3.596737797783570133e-03 2.298808474725693492e-03 5.173489888123607994e-01 3.958313789179368491e-01 4.066089239829260849e-01
-1.500000000000000000e+00 6.676403605434875210e-01 4.938765472138772483e-01 5.052849931225766866e-01 5.138543483552432400e-01 3.941355163774200587e-01 4.016178657922309103e-01 1.514008271692798557e-01 9.912520137906705164e-02 1.028799756979265345e-01 2.385185018964392292e-03 6.158294573903896982e-04 7.871516324192391958e-04 5.162395333742072490e-01 3.947513458348105297e-01 4.024050174246502354e-01
-1.000000000000000000e+00 6.455538328525615155e-01 4.955827946799903350e-01 4.846354967902810063e-01 5.157480707972589284e-01 3.927354857812234701e-01 4.065816388734309061e-01 1.232639543653720193e-01 9.911112127517805737e-02 7.723108956415569715e-02 6.541807689930345671e-03 3.736187623588716009e-03 8.227683526943682657e-04 5.222898784871891076e-01 3.964716734048123747e-01 4.074044072261250315e-01
-5.000000000000000000e-01 6.472855018168165442e-01 4.682009604397609492e-01 4.974812619490779908e-01 5.154347165011445853e-01 3.884970617947586802e-01 4.048289702594645711e-01 1.177453055080007749e-01 7.423976814138560920e-02 8.608207185439914477e-02 1.410547980767102617e-02 5.464130503616771752e-03 6.570219835214358151e-03 5.295401963088158803e-01 3.939611922983756176e-01 4.113991900946791236e-01
0.000000000000000000e+00 6.478313152494501459e-01 4.753429966378698301e-01 4.778757258168404576e-01 5.107304794427439676e-01 3.864592656897281042e-01 4.050753051820326078e-01 1.222816791387639213e-01 8.035127317003593062e-02 6.493809822022994505e-02 1.481915666794226226e-02 8.532457778105441426e-03 7.862322414578000115e-03 5.255496361106862802e-01 3.949917234678336220e-01 4.129376275966105680e-01
5.000000000000000000e-01 7.013877873810430152e-01 5.268560751267993281e-01 5.414790962787148221e-01 5.089816180081436769e-01 3.864205709249068366e-01 4.038547003370026034e-01 1.887469102324001446e-01 1.402944790322585011e-01 1.367650774912994582e-01 3.659259140499224877e-03 1.410251696341799116e-04 8.593184504128973831e-04 5.126408771486431482e-01 3.865615960945409935e-01 4.047140187874155304e-01
1.000000000000000000e+00 6.666764722181536262e-01 4.911675180305530297e-01 5.070477959076995500e-01 5.135439074810752569e-01 3.871128587467847493e-01 4.010037563965263008e-01 1.513199531277966414e-01 1.009877575636721064e-01 1.021661153856254362e-01 1.812611609281455146e-03 3.066901720096375673e-03 3.877924125547832588e-03 5.153565190903566240e-01 3.901797604668810759e-01 4.048816805220741277e-01
1.500000000000000000e+00 6.648317021269685156e-01 4.926457116107116896e-01 5.070062562799226846e-01 5.168257158648552618e-01 3.864542957339818230e-01 3.972093085697911419e-01 1.475163155237664281e-01 1.060080535813738289e-01 1.094108182743936952e-01 4.896707383466083465e-04 1.833622953562044568e-04 3.861294357378063807e-04 5.173153866032020876e-01 3.866376580293379717e-01 3.975954380055290449e-01
2.000000000000000000e+00 6.246989656208407071e-01 4.497830407433170974e-01 4.839647802007152055e-01 5.174164632186669666e-01 3.865064694515608079e-01 3.976390712719864995e-01 1.048207984867571274e-01 6.139887749362749753e-02 8.233483414628889330e-02 2.461703915416898515e-03 1.877693798128869142e-03 3.990874782439646218e-03 5.198781671340836352e-01 3.883841632496896068e-01 4.016299460544262567e-01
2.500000000000000000e+00 6.573231373172366832e-01 4.798453549093764092e-01 4.924466065617161825e-01 5.229540303338240381e-01 3.856521397640586546e-01 3.964806506631447514e-01 1.302976675465917222e-01 9.139363212240934897e-02 9.375411081488033149e-02 4.071439436821011268e-03 2.799583022908446860e-03 2.211845083690888898e-03 5.270254697706451275e-01 3.884517227869669354e-01 3.986924957468355735e-01
3.000000000000000000e+00 7.049156741767822476e-01 5.144277220146237228e-01 5.305739519019190276e-01 5.204755788346464573e-01 3.852621876527917433e-01 3.959593911646311915e-01 1.830587555186596049e-01 1.243305721337899933e-01 1.343300159747512212e-01 1.381339823476054798e-03 4.834962228041852703e-03 2.845447625364116908e-04 5.218569186581227815e-01 3.900971498808337157e-01 3.962439359271677231e-01
3.500000000000000000e+00 6.497360982023383524e-01 4.739408746792458382e-01 4.868790525669788316e-01 5.218249591744711369e-01 3.859484037661221612e-01 3.931118692380401458e-01 1.232804635925644210e-01 8.269200205896028166e-02 9.025758945606023043e-02 4.630675435302400791e-03 5.300468854163254903e-03 3.509593872878395519e-03 5.264556346097735151e-01 3.912488726202854594e-01 3.966214631109183930e-01
4.000000000000000000e+00 6.156036861930952453e-01 4.558222277138692657e-01 4.610135439566735993e-01 5.220950764647981357e-01 3.850914396112193328e-01 3.894392684791809778e-01 8.960817554795429130e-02 6.807419796310391902e-02 7.285684614412941962e-02 3.900434180343023000e-03 2.656590139546046066e-03 -1.282570666636985218e-03 5.259955106451411622e-01 3.877480297507652773e-01 3.881566978125440825e-01
4.500000000000000000e+00 6.494479628687421791e-01 4.898011606216584601e-01 4.771356823994742924e-01 5.216343063803150493e-01 3.854984523079077463e-01 3.894663866332228053e-01 1.249302601461390189e-01 1.016256326302675400e-01 8.580456947283579550e-02 2.883396342287897554e-03 2.677075683482996009e-03 1.864726293415789422e-03 5.245177027226031186e-01 3.881755279913909340e-01 3.913311129266387467e-01
5.000000000000000000e+00 6.480193911109141114e-01 4.618836033876140834e-01 4.793736488500220383e-01 5.217199211490486377e-01 3.855190808654617718e-01 3.878601710324658391e-01 1.286927566822493041e-01 7.802782679595078597e-02 9.334253814441438590e-02 -2.393286720383947484e-03 -1.663304273798707012e-03 -1.829060326858186975e-03 5.193266344286646685e-01 3.838557765916632558e-01 3.860311107056076940e-01
5.500000000000000000e+00 6.543261197650076522e-01 4.892495143761885212e-01 5.016413809423414527e-01 5.246080861660165073e-01 3.864819103714334791e-01 3.837536833368926370e-01 1.165993521927989468e-01 9.510749514977601127e-02 1.079922039164182834e-01 1.311868140619229343e-02 7.660108854978888576e-03 9.895493689030299828e-03 5.377267675722086082e-01 3.941420192264121769e-01 3.936491770259228917e-01
6.000000000000000000e+00 6.381849337918535925e-01 4.980066706607302329e-01 4.813420261240862752e-01 5.243669191565155652e-01 3.843557763480168754e-01 3.819927114220909026e-01 1.013057609280876292e-01 1.036730254061587059e-01 9.290972839950738249e-02 1.251225370725062534e-02 9.977868906554630823e-03 6.439586302488102022e-03 5.368791728637662963e-01 3.943336452545715964e-01 3.884322977245789343e-01
6.500000000000000000e+00 6.389145247882772605e-01 4.879448894494164968e-01 4.525491935548906497e-01 5.236542659456661086e-01 3.820454587570261129e-01 3.808519342266701302e-01 1.025193253118281134e-01 9.772357822355123846e-02 7.175391106258362239e-02 1.274093353078333685e-02 8.175852468839318876e-03 -5.665173436273699911e-05 5.363951994764490916e-01 3.902213112258656746e-01 3.807952824923072077e-01
7.000000000000000000e+00 6.391187896966809001e-01 4.819206925980034639e-01 4.464853277870789450e-01 5.274175382670125423e-01 3.797658330381528113e-01 3.780005940507439322e-01 9.686964186798623089e-02 9.768727394844500811e-02 6.694984947252076435e-02 1.483160956168230564e-02 4.467585611405922030e-03 1.534884263814170844e-03 5.422491478286949329e-01 3.842334186495588444e-01 3.795354783145580280e-01
7.500000000000000000e+00 6.236564356849255697e-01 4.417702429378041473e-01 4.346741318889215111e-01 5.224354817207153001e-01 3.818318769070768171e-01 3.777442927758131175e-01 9.245950754046748654e-02 5.959084029496615476e-02 5.304283613930658309e-02 8.761446423743280906e-03 3.475257357611928068e-04 3.887002973802033013e-03 5.311969281444581803e-01 3.821794026428378954e-01 3.816312957496150182e-01
8.000000000000000000e+00 6.615619947981898896e-01 4.860829290400177638e-01 4.629580186785976492e-01 5.207337887295677703e-01 3.827619523146635894e-01 3.794260569043023668e-01 1.360726218083991301e-01 9.986002201175535331e-02 7.973917874083338853e-02 4.755584260222759339e-03 3.460954713598970306e-03 3.792783033461923862e-03 5.254893729897904819e-01 3.862229070282627852e-01 3.832188399377642885e-01
8.500000000000000000e+00 6.431626660217485414e-01 4.642801062862890182e-01 4.523982591541361731e-01 5.214110665259624744e-01 3.806619279603990491e-01 3.822416166812224736e-01 1.153859132462967813e-01 7.946692115526433897e-02 6.416473039493228447e-02 6.365686249489290946e-03 4.151257170625418519e-03 5.991912077981628379e-03 5.277767527754519961e-01 3.848131851310245266e-01 3.882335287592041939e-01
9.000000000000000000e+00 6.300289199703494880e-01 4.650614918569040968e-01 4.581427655931324394e-01 5.255083628576966426e-01 3.855632078445909716e-01 3.817289479518058415e-01 9.961784338285557816e-02 7.733220351379485602e-02 7.706672432284404628e-02 4.902713729796832724e-03 2.166080498518121230e-03 -6.529066815173102233e-04 5.304110765874936462e-01 3.877292883431092685e-01 3.810760412702885458e-01
9.500000000000000000e+00 6.232866800772934868e-01 4.475864779506785740e-01 4.560846720805789012e-01 5.294296621816768633e-01 3.856259253149175170e-01 3.823802303013975057e-01 9.085111234200315966e-02 6.079473789800823175e-02 7.291571171377504712e-02 3.005905553613566570e-03 1.165814737752920646e-03 7.887300654063939161e-04 5.324355677352904381e-01 3.867917400526705851e-01 3.831689603668037014e-01
1.000000000000000000e+01 6.102330046072231839e-01 4.343760937978493608e-01 4.379606187431339670e-01 5.301537072172265441e-01 3.828295685124040726e-01 3.806864765099494674e-01 8.175335371930900208e-02 5.031417531573777885e-02 5.704632139445339756e-02 -1.674056329312293735e-03 1.232349969707477498e-03 2.278208387314162938e-04 5.284796508879144872e-01 3.840619184821114640e-01 3.809142973486809303e-01
1.050000000000000000e+01 6.561199881443897652e-01 4.684129204125927481e-01 4.706123271386815632e-01 5.283400116026852888e-01 3.833215777990368056e-01 3.832145295921866035e-01 1.154700379995890341e-01 8.169276303470113243e-02 8.333772601990839524e-02 1.230993854211537286e-02 3.398579578854640099e-03 4.060071526586469907e-03 5.406499501448004397e-01 3.867201573778916712e-01 3.872746011187730431e-01
1.100000000000000000e+01 6.974144359831914164e-01 4.800912901079953943e-01 5.078715148350657627e-01 5.258227591215275387e-01 3.841836157270187013e-01 3.844719623737131720e-01 1.623701383457477609e-01 9.109291609189625050e-02 1.202034814193168460e-01 9.221538515916194792e-03 4.814758289080663632e-03 3.196071042035316181e-03 5.350442976374436554e-01 3.889983740160996017e-01 3.876680334157489027e-01
1.150000000000000000e+01 6.074916387267008666e-01 4.282763240178512620e-01 4.326542026596050250e-01 5.266816550335299274e-01 3.859464480766988115e-01 3.848274305344229762e-01 6.924365038260150984e-02 3.757008472204641236e-02 4.336410691203997775e-02 1.156633331056911886e-02 4.759791219105893346e-03 4.462665213141963488e-03 5.382479883440991486e-01 3.907062392958047803e-01 3.892900957475648460e-01
1.200000000000000000e+01 5.952221864049438427e-01 4.297834975827382054e-01 4.329411737739867760e-01 5.224249640744015322e-01 3.849952473655589014e-01 3.823036163334408988e-01 6.841645779997981847e-02 4.351379514114564473e-02 4.785670596775956631e-02 4.380764530562250049e-03 1.274455076033914917e-03 2.780851472786193424e-03 5.268057286049636634e-01 3.862697024415926439e-01 3.850844678062271265e-01
1.250000000000000000e+01 6.571628837811493984e-01 4.576899171471932037e-01 4.654892500531059851e-01 5.222345424906189582e-01 3.804021813230615279e-01 3.816015945227058115e-01 1.295497415473489955e-01 7.296592422008785217e-02 8.117750392220048072e-02 5.378599743181592188e-03 4.321811604043815022e-03 2.710151608199927540e-03 5.276131422338005139e-01 3.847239929271050740e-01 3.843117461309056293e-01
1.300000000000000000e+01 6.247388685033589129e-01 4.508396069107001858e-01 4.450902202742084701e-01 5.225043636913274669e-01 3.786608743343517491e-01 3.795555340509519926e-01 1.011490410045587096e-01 7.180516242209539213e-02 6.455048589538293913e-02 1.085463807472752777e-03 3.735701542531480587e-04 9.842003278731842938e-04 5.235898274988001200e-01 3.790344444886047381e-01 3.805397343788252673e-01
1.350000000000000000e+01 6.250709731197381380e-01 4.468715134769651876e-01 4.557742870239687161e-01 5.211014328698415632e-01 3.761715445771924293e-01 3.785391165095783328e-01 1.009463676134415011e-01 6.796476635474327233e-02 7.545179122203594935e-02 3.023172636455305311e-03 2.735202545029390489e-03 1.783379292354448460e-03 5.241246055062966924e-01 3.789067471222218320e-01 3.803224958019326696e-01
1.400000000000000000e+01 5.949591519061733225e-01 4.248184175138920438e-01 4.263965490629841870e-01 5.160177750237233685e-01 3.694968166263452591e-01 3.736057982043921033e-01 7.457042921316810180e-02 4.924627170250455571e-02 4.786928994632462520e-02 4.370947669281762850e-03 6.075329185041960026e-03 4.921460912267576482e-03 5.203887226930050680e-01 3.755721458113873701e-01 3.785272591166597977e-01
1.450000000000000000e+01 6.057701497891716524e-01 4.286841448175160441e-01 4.275805089079319221e-01 5.171120284904067166e-01 3.685939517889742501e-01 3.690147159648609620e-01 8.257339051199955038e-02 5.285731139484281527e-02 5.454447370926967381e-02 6.084730786765447930e-03 7.232881633698910219e-03 4.021319233801627993e-03 5.231967592771720188e-01 3.758268334226729235e-01 3.730360351986623524e-01
1.500000000000000000e+01 6.246840624696670119e-01 4.391275998289115301e-01 4.278885352996048552e-01 5.140230262426225272e-01 3.660530741392967746e-01 3.660413064626259483e-01 1.116283311952066676e-01 7.425055238247053879e-02 6.308369068926374112e-02 -9.672949681623507984e-04 -1.176026692855851839e-03 -1.236461852284661146e-03 5.130557312744602472e-01 3.648770474464406721e-01 3.648048446103412945e-01
1.550000000000000000e+01 6.114972734385208941e-01 4.217899015596014989e-01 4.367621593700758420e-01 5.150045828823861527e-01 3.615974241317557181e-01 3.617939183184997187e-01 9.275719154586997695e-02 5.785847280120862135e-02 7.325280878801967988e-02 3.735499010264849932e-03 2.334004626637218444e-03 1.715432263556636609e-03 5.187400818926505286e-01 3.639314287583929608e-01 3.635093505820563009e-01
1.600000000000000000e+01 5.919616916551353469e-01 4.125679442924198304e-01 4.166531304036958927e-01 5.144447368052597058e-01 3.583301920656835060e-01 3.599355832809410516e-01 7.269965270797359991e-02 5.255965848293525644e-02 5.234391358224801949e-02 4.817302141901782728e-03 1.678093743801239426e-03 4.373633540506616062e-03 5.192620389471618303e-01 3.600082858094844074e-01 3.643092168214475679e-01
1.650000000000000000e+01 5.809360472064830638e-01 4.046180571358853340e-01 4.090946906304815389e-01 5.136173052857948562e-01 3.551984397070537813e-01 3.611726709938513635e-01 6.730199287688827525e-02 4.995847038403547491e-02 4.901349194789750979e-02 1.674904379987386549e-05 -5.388529552036868016e-04 -1.091472311267337875e-03 5.136340543295948580e-01 3.546595867518499423e-01 3.600811986825843136e-01
1.700000000000000000e+01 5.652713618641473925e-01 3.869096979136344427e-01 4.010837594605644041e-01 5.122495514194684851e-01 3.529643679383067667e-01 3.642389039149322993e-01 5.156509875936615694e-02 3.403877144316577730e-02 3.608197762270092673e-02 1.456711685313199275e-03 -9.344146783802267779e-05 7.628779229312137884e-04 5.137062631047818462e-01 3.528709264704687487e-01 3.650017818378635814e-01
1.750000000000000000e+01 5.765701831683633927e-01 4.022419862514633460e-01 3.975027577294827363e-01 5.146250316242013678e-01 3.551868534628508378e-01 3.622462466544274506e-01 5.722383262215240129e-02 4.276867713988856401e-02 3.249568665505107867e-02 4.721318922009432734e-03 4.286455648723598057e-03 2.760824420004028782e-03 5.193463505462108110e-01 3.594733091115746570e-01 3.650070710744316438e-01
1.800000000000000000e+01 5.852140892241526338e-01 4.228632516557713217e-01 4.059318477234611366e-01 5.149915632737563920e-01 3.553454902842486107e-01 3.573888054810235859e-01 5.935682426034750298e-02 6.456034614158877305e-02 3.931592387988878251e-02 1.086570169004880126e-02 2.957415229933978238e-03 9.227118362548617295e-03 5.258572649638050267e-01 3.583029055141825903e-01 3.666159238435720003e-01
1.850000000000000000e+01 5.687399213961836786e-01 3.935091086227205381e-01 4.015232743615048672e-01 5.155689912774816808e-01 3.582227870740639086e-01 3.542685059316834084e-01 4.650139048691934174e-02 3.507423046729900296e-02 4.255444030583598741e-02 6.669539631782972662e-03 2.120910813577011201e-04 4.700328123985374196e-03 5.222385309092646422e-01 3.584348781554214658e-01 3.589688340556688728e-01
1.900000000000000000e+01 5.919697878990508588e-01 3.998098090466912224e-01 4.235243519516411204e-01 5.130081274537711122e-01 3.540782202721601268e-01 3.559846415747492943e-01 7.634966819493352319e-02 4.408568047055898276e-02 6.640437967588619372e-02 2.611992250346012630e-03 1.645908303972181373e-03 1.135330701005713046e-03 5.156201197041173634e-01 3.557241285761319483e-01 3.571199722757549266e-01
1.950000000000000000e+01 5.842287700063282241e-01 4.248202313386690854e-01 4.115972766825795048e-01 5.101737807033709382e-01 3.538627097943423117e-01 3.567962378889925623e-01 6.898295738412428546e-02 6.764837570869133843e-02 5.238585485738481151e-02 5.072031918832959653e-03 3.309145835635558894e-03 2.415183936202322697e-03 5.152458126222038137e-01 3.571718556299778857e-01 3.592114218251946101e-01
2.000000000000000000e+01 5.724418521912215674e-01 4.014401582390907386e-01 3.940551892055108585e-01 5.100764373749392400e-01 3.571052229817274215e-01 3.600240243438767584e-01 6.142642350249798155e-02 4.565147041238280801e-02 3.540224113622722490e-02 9.389913137844870233e-04 -1.316535155019226593e-03 -1.371076274593013193e-03 5.110154286887239605e-01 3.557886878267081943e-01 3.586529480692837724e-01
2.050000000000000000e+01 5.952165961905978575e-01 4.129210745415472505e-01 4.145821192632192509e-01 5.094863190893093030e-01 3.575986136294370121e-01 3.604467240742690315e-01 8.467660901955921526e-02 5.501318437090484820e-02 5.375424769049310519e-02 1.053668081729442667e-03 3.092765412053381248e-04 3.811474984569705520e-04 5.105399871710389892e-01 3.579078901706422844e-01 3.608278715727260555e-01
2.100000000000000000e+01 6.101590686424622767e-01 4.138029618078378769e-01 4.191982396393106325e-01 5.084746166743076001e-01 3.540815464974745308e-01 3.583854660405988435e-01 1.041203842343391139e-01 6.127330951729119402e-02 6.220250192126845767e-02 -2.435932266184311166e-03 -1.551894206927872466e-03 -1.389728322556527292e-03 5.060386844081231628e-01 3.525296522905466690e-01 3.569957377180422720e-01
2.150000000000000000e+01 6.011745918149675738e-01 4.245589759720101442e-01 4.008231460342110419e-01 5.061516073899440249e-01 3.543779975324026776e-01 3.528103544444797790e-01 9.585707711803224951e-02 7.147977714020904705e-02 4.962218627009200300e-02 -8.340926930089123366e-04 -1.298798700601653611e-03 -1.609394680360891425e-03 5.053175146969349774e-01 3.530791988318011665e-01 3.512009597641189695e-01
2.200000000000000000e+01 6.108864665380410175e-01 4.392348385666013377e-01 4.259581303652333339e-01 5.139904244580116854e-01 3.559762394073278102e-01 3.482220357634128738e-01 8.720111000770307264e-02 7.805752653549748177e-02 7.323844993113744206e-02 9.694932072326729530e-03 5.201072623775765576e-03 4.497644670683078813e-03 5.236853565303382085e-01 3.611773120311037588e-01 3.527196804340959613e-01
2.250000000000000000e+01 6.088353681086960956e-01 4.172902592522814147e-01 4.231505213715688885e-01 5.160904729951735215e-01 3.529907469519455443e-01 3.488611908365393255e-01 8.622135665564283069e-02 6.087971975114650491e-02 6.890457385406245638e-02 6.523538457879892588e-03 3.419792549189505995e-03 5.384756680967188978e-03 5.226140114530535286e-01 3.564105395011349375e-01 3.542459475175063210e-01
2.300000000000000000e+01 6.151857696510537599e-01 4.087825787939198263e-01 4.173873654738655126e-01 5.103319495718944276e-01 3.484907023485264710e-01 3.458559386175539818e-01 9.436948202164431587e-02 5.893278141875260556e-02 6.615933979006750898e-02 1.048433805751504758e-02 1.359095026640741964e-03 5.372087066243856970e-03 5.208162876294093468e-01 3.498497973751670820e-01 3.512280256837980175e-01
2.350000000000000000e+01 5.772276814612807838e-01 3.903946410218077090e-01 3.956134927143186708e-01 5.106709765304282556e-01 3.448338958852861791e-01 3.444867483943465647e-01 6.015037505752528907e-02 4.252994633605470393e-02 4.657386417932026651e-02 6.406329873327390977e-03 3.030798800466854605e-03 4.552880140651732049e-03 5.170773064037554878e-01 3.478646946857530953e-01 3.490396285349984806e-01
2.400000000000000000e+01 6.135036887885546575e-01 4.225206147218315000e-01 4.070574761392407037e-01 5.192361775693651316e-01 3.464504421983103377e-01 3.451298795771247097e-01 8.619506119291997503e-02 7.267221421517394697e-02 6.042992021432559702e-02 8.072450026269795478e-03 3.397958308347210146e-03 1.497676347790271277e-03 5.273086275956344604e-01 3.498484005066576641e-01 3.466275559249148430e-01
2.450000000000000000e+01 5.753556701816540109e-01 3.792006738161505797e-01 3.959068747035470182e-01 5.161228888555268179e-01 3.463842575316959382e-01 3.444947913977285947e-01 5.237107803235506454e-02 3.043545775947377116e-02 4.953140205270708391e-02 6.861703293772450189e-03 2.380958524980894553e-03 1.880681253111385082e-03 5.229845921492990435e-01 3.487652160566768189e-01 3.463754726508398996e-01
2.500000000000000000e+01 5.889652884185704318e-01 3.862770058396781669e-01 4.018192287238759319e-01 5.151539304541689068e-01 3.413177494692993807e-01 3.387917165764888217e-01 7.412085422707943849e-02 4.619812355156376754e-02 6.251903253345157674e-02 -3.094962626778684765e-04 -1.238867181184899816e-03 5.084796139358109838e-04 5.148444341914911737e-01 3.400788822881146145e-01 3.393001961904244523e-01
2.550000000000000000e+01 5.894207616469516742e-01 3.830554799164772595e-01 3.889385762303071981e-01 5.135604378760714184e-01 3.372068108459990166e-01 3.388768942193520761e-01 7.233849268874154026e-02 4.468400155140377777e-02 4.615599369455727907e-02 3.521831082138130939e-03 1.164667519074376236e-03 3.905688316397662018e-03 5.170822689582096343e-01 3.383714783650734748e-01 3.427825825357498357e-01
2.600000000000000000e+01 5.900176726398427274e-01 4.103575622903903319e-01 4.106080736920426077e-01 5.136535009075754443e-01 3.392908790834107680e-01 3.415553733672660464e-01 7.215716597466194371e-02 6.530323317441041886e-02 6.547188134723952446e-02 4.207005757605010617e-03 5.763450032569015016e-03 3.580818977536783659e-03 5.178605066651810196e-01 3.450543291159800519e-01 3.451361923448028057e-01
2.650000000000000000e+01 5.808265587673757668e-01 3.968312339033440717e-01 3.967209345946530741e-01 5.128441040378178828e-01 3.384506071594651777e-01 3.422763009628481123e-01 6.349460888820362969e-02 5.581594833111348797e-02 4.985865183053341670e-02 4.487845841354202309e-03 2.564678412765651443e-03 4.585981801271553707e-03 5.173319498791724147e-01 3.410152855722307086e-01 3.468622827641196227e-01
2.700000000000000000e+01 5.725196014960181046e-01 3.723212585056329127e-01 3.830549041117397024e-01 5.074547461738575516e-01 3.385694511230440407e-01 3.401232479888413041e-01 6.600489453550557883e-02 3.425936741899513610e-02 4.348633920001099967e-02 -9.400392133448069254e-04 -5.075600364060976451e-04 -5.546830771125528222e-04 5.065147069605128172e-01 3.380618910866379223e-01 3.395685649117288762e-01
2.750000000000000000e+01 5.609569635756181949e-01 3.738682350369816887e-01 3.822189835865021368e-01 5.041555182328905094e-01 3.397915147806772618e-01 3.426485308901945914e-01 5.713573421784005207e-02 3.485956897151800543e-02 4.018454311360818848e-02 -3.342888751123811826e-04 -7.828487152136044290e-04 -6.140904173005368692e-04 5.038212293577778444e-01 3.390086660654635931e-01 3.420344404728938859e-01
2.800000000000000000e+01 5.599286091313016023e-01 3.831043512376709481e-01 3.797878196882842894e-01 5.074018283115006023e-01 3.407220191746403448e-01 3.424217731732397407e-01 4.677274075822875077e-02 3.854645414645191392e-02 3.599469551314937732e-02 5.754040061572117393e-03 3.835877916578614780e-03 1.371351001895259811e-03 5.131558683730724768e-01 3.445578970912190342e-01 3.437931241751349676e-01
2.850000000000000000e+01 5.813422122177047680e-01 4.015143816697034351e-01 3.904190349021134931e-01 5.043816529622067169e-01 3.392654005420429608e-01 3.411173664685509532e-01 7.216188264531170349e-02 6.270294323823369376e-02 4.907354795585271851e-02 4.798676610186824662e-03 -4.539621105731413294e-04 2.281204777097650606e-04 5.091803295723932310e-01 3.388114384314694361e-01 3.413454869462606012e-01
2.900000000000000000e+01 5.636685871551190274e-01 3.766333568331814430e-01 3.816960737730582531e-01 4.936365442879111498e-01 3.357139449448529600e-01 3.364413682075276246e-01 6.520802353514847105e-02 3.875072423277899081e-02 4.406634089461881898e-02 4.824019332059484647e-03 2.168687655549412802e-03 1.188364670911666414e-03 4.984605636199705980e-01 3.378826326004022440e-01 3.376297328784393925e-01
2.950000000000000000e+01 5.535146114422292429e-01 3.811552738610159974e-01 3.686814640814267685e-01 4.926665512696080662e-01 3.332273059122218828e-01 3.327517931703428133e-01 6.120072039141186832e-02 4.764100061378034878e-02 3.594682456322286640e-02 -3.526602187910915552e-04 2.869673350137120355e-04 -1.715365213897331921e-05 4.923138910508171318e-01 3.335142732472355931e-01 3.327346395182038674e-01
3.000000000000000000e+01 5.408933010180099199e-01 3.670735972412974002e-01 3.817218836340237620e-01 4.935445012746998983e-01 3.347544328228624910e-01 3.363599579475456403e-01 4.407338913305273997e-02 3.087583702766536972e-02 4.302473067136665386e-02 3.275410610257754786e-03 1.443327390769571540e-03 2.337195015111510812e-03 4.968199118849574991e-01 3.361977602136320131e-01 3.386971529626572885e-01
3.050000000000000000e+01 5.316007010463262850e-01 3.565292258561064132e-01 3.640653993452334647e-01 4.911510631255088799e-01 3.341569625963605739e-01 3.335876053002794217e-01 3.531346623613323965e-02 2.012942707993059868e-02 2.905545499800660930e-02 5.136171684684063057e-03 2.242836179815341658e-03 1.422339046947484207e-03 4.962872348101929343e-01 3.363997987761759845e-01 3.350099443472269178e-01
3.100000000000000000e+01 5.410169156004692725e-01 3.566410453806581615e-01 3.642461718637705070e-01 4.900379103748957466e-01 3.296141824755190464e-01 3.266820921368224773e-01 4.591278960324041841e-02 2.451840224972832993e-02 3.497075991723180149e-02 5.066215622332941038e-03 2.508460655410616955e-03 2.593319809716269041e-03 4.951041259972288611e-01 3.321226431309298177e-01 3.292754119465386986e-01
3.150000000000000000e+01 5.708458942234118094e-01 3.988483935050928242e-01 3.817543689279982999e-01 4.900424847246468985e-01 3.256809687284436539e-01 3.228996184254712132e-01 7.304767654660794529e-02 6.539803342096997540e-02 5.537210524268025569e-02 7.755732952157249303e-03 7.769391355679181911e-03 3.482645259846746041e-03 4.977982176768038225e-01 3.334503600841229320e-01 3.263822636853180303e-01
3.200000000000000000e+01 5.593192041562996542e-01 3.541213753559800392e-01 3.536876808805678452e-01 4.924743687343534071e-01 3.193724392217923702e-01 3.232542844503453194e-01 5.495231370755321310e-02 2.964442171399521778e-02 2.220653959637045385e-02 1.189252171439329417e-02 5.104514420192550993e-03 8.226856833852227990e-03 5.043668904487466076e-01 3.244769536419848666e-01 3.314811412841976446e-01
3.250000000000000000e+01 5.449305537491828666e-01 3.518318973322237531e-01 3.493575421545138115e-01 4.894555504289431203e-01 3.134900190049298430e-01 3.152424978035195946e-01 5.119412518926657468e-02 3.685379105492391644e-02 3.020921134953004697e-02 4.280878130973130892e-03 1.488087272370306564e-03 3.905833001464163474e-03 4.937364285599163405e-01 3.149781062772999407e-01 3.191483308049837264e-01
3.300000000000000000e+01 5.501981487180814812e-01 3.473898713011926431e-01 3.496394838133888294e-01 4.884181367466215451e-01 3.080062487925224191e-01 3.147972791982043272e-01 5.633166052941319946e-02 3.410129080056358702e-02 3.229659296680238018e-02 5.448351442046650735e-03 5.282331708106884245e-03 2.545611648382189660e-03 4.938664881886682956e-01 3.132885805006291324e-01 3.173428908465865117e-01
3.350000000000000000e+01 5.495130568480888211e-01 3.482308514270050503e-01 3.367826338916091733e-01 4.885343153101273095e-01 3.052588318565312986e-01 3.140225932872098835e-01 5.313860007588017131e-02 4.072431829989092700e-02 2.094878597411756194e-02 7.840141462081430535e-03 2.247701270582757108e-03 1.811254630281547645e-03 4.963744567722086498e-01 3.075065331271142899e-01 3.158338479174915281e-01
3.400000000000000000e+01 5.207476461418854008e-01 3.243191607482957539e-01 3.450828640508611933e-01 4.873595516303119712e-01 3.010365480921864401e-01 3.101031696885958588e-01 2.840606250040923764e-02 2.302133570844193747e-02 3.482797286536205850e-02 4.982032011164070490e-03 2.612769476674026235e-04 1.517214969031232283e-04 4.923415836414762325e-01 3.012978250398536950e-01 3.102548911854989822e-01
3.450000000000000000e+01 5.329380790018339864e-01 3.150939592609001694e-01 3.353955472860306042e-01 4.877790243038311324e-01 2.998553036006248451e-01 3.102574671678242080e-01 4.491265946127012687e-02 1.449990411000214377e-02 2.559589624255894855e-02 2.463952367325902924e-04 7.387515502732949768e-04 -4.578161243526858589e-04 4.880254195405637763e-01 3.005940551508981540e-01 3.097996510434714579e-01
3.500000000000000000e+01 5.415995616360794740e-01 3.205638450426068209e-01 3.216426242641473587e-01 4.827743813029197195e-01 2.979612086725850206e-01 3.063082041743362960e-01 5.694657251845151869e-02 2.126271004423208044e-02 1.271476556639711437e-02 1.878607814708744281e-03 1.339926325789925167e-03 2.619654523414066336e-03 4.846529891176282745e-01 2.993011349983749625e-01 3.089278586977501906e-01
3.550000000000000000e+01 5.446504115362921228e-01 3.417943291791797900e-01 3.443961690383355312e-01 4.808697661336648888e-01 2.933714804723265290e-01 3.042752041513233086e-01 6.303160136063622188e-02 4.802278109531452066e-02 3.895071209041179455e-02 7.490440419909615228e-04 4.000676115387301812e-04 1.170252796600578784e-03 4.816188101756558315e-01 2.937715480838651860e-01 3.054454569479237436e-01
3.600000000000000000e+01 5.163016818124911422e-01 3.279936028252078972e-01 3.502144898050469912e-01 4.805594055089377203e-01 2.927517389712609441e-01 3.068602541732593503e-01 3.401395792841857557e-02 3.284576493440184014e-02 3.701286724068759970e-02 1.728318375135194564e-03 2.396098919544923864e-03 6.341368391100242474e-03 4.822877238840729275e-01 2.951478378908061195e-01 3.132016225643594054e-01
3.650000000000000000e+01 5.208994626150776908e-01 3.323425632296682641e-01 3.269880064901333760e-01 4.827224112012984403e-01 2.918510147282835643e-01 3.030905990188095811e-01 3.701381485036242536e-02 3.915137189033252030e-02 2.255366642389712573e-02 1.163236563417050212e-03 1.340176611052027117e-03 1.343741047426604603e-03 4.838856477647155430e-01 2.931911913393357438e-01 3.044343400662361532e-01
3.700000000000000000e+01 5.298158555969775252e-01 3.386248102561149609e-01 3.305241658804402016e-01 4.759559984855711301e-01 2.859654004122082482e-01 2.977016203515074899e-01 5.300907064563608467e-02 5.095624834480694948e-02 3.160071654635712018e-02 8.507864657701197071e-04 1.703161499099712425e-03 1.221828982575617548e-03 4.768067849513412670e-01 2.876685619113081849e-01 2.989234493340829357e-01
3.750000000000000000e+01 5.382133097628777341e-01 3.093245032232743719e-01 3.275076364189997702e-01 4.766145777275835882e-01 2.859133189326832358e-01 2.943542436996326450e-01 4.029562279034180211e-02 1.971241974833219668e-02 2.323305929946507462e-02 2.130310924495259703e-02 3.698764542259120203e-03 9.920333419901981170e-03 4.979176869725358556e-01 2.896120834749423278e-01 3.042745771195346505e-01
3.800000000000000000e+01 5.279481549026204812e-01 3.181329232378875549e-01 3.329951011057842303e-01 4.890999519174170640e-01 2.957060656302799573e-01 3.039633750265371415e-01 3.168053744843653263e-02 1.999065603926396609e-02 2.481273343644541107e-02 6.823014942748811817e-03 2.266523546908884822e-03 3.350288012246651053e-03 4.959229668601660146e-01 2.979725891771888291e-01 3.073136630387837687e-01
3.850000000000000000e+01 6.630935149447190202e-01 4.804854409985806485e-01 4.737678837002222698e-01 6.273729170714308356e-01 4.339332541279430355e-01 4.365630790899247549e-01 1.909139932841359341e-02 2.113645518556690403e-02 1.553904465462569925e-02 1.713064167765409023e-03 1.112357733018719524e-03 1.043460626710570119e-03 6.290859812391961237e-01 4.350456118609618006e-01 4.376065397166353788e-01
3.900000000000000000e+01 7.100667755852660967e-01 5.266388614449607486e-01 5.368659161982748396e-01 7.008939460203039706e-01 5.109523716673273208e-01 5.089548715509386589e-01 1.036790791341022158e-02 1.528717310746321480e-02 2.695337973768893725e-02 -1.195078348448334231e-03 3.993166701701487422e-04 9.576649096474436308e-04 6.996988676718557398e-01 5.113516883374973343e-01 5.099125364605862076e-01
3.950000000000000000e+01 3.128374355189416645e-01 2.387505664390883464e-01 2.392943517681411225e-01 3.119116835785169517e-01 2.356225738979222939e-01 2.359278174054471322e-01 1.208569231677569973e-03 2.862944375199003022e-03 3.558789555430970451e-03 -2.109332648418931887e-04 3.010783473153879632e-04 -1.194140639014844513e-04 3.117007503136750568e-01 2.359236522452377027e-01 2.358084033415455139e-01
4.000000000000000000e+01 3.785323825679097198e-01 2.142199487541384395e-01 2.109493620138373493e-01 2.140337311348444738e-01 1.643852233532000773e-01 1.658053438797221224e-01 3.353835331872818612e-03 1.049873379823944210e-03 1.054070396681485670e-03 -1.112212160325054539e-04 8.138300474466645163e-06 1.279473815307341604e-05 2.139225099188119539e-01 1.643933616536745468e-01 1.658181386178753380e-01
4.250000000000000000e+01 3.404062931429555627e-01 2.815522939750566556e-01 2.819998924387744910e-01 3.111719261382735469e-01 2.654296859389188579e-01 2.648046950679788236e-01 -2.166013738229343743e-05 -8.813012547713250058e-06 -1.036354561106405044e-05 2.551865402147051719e-03 1.044855296781287612e-03 6.622415143016313838e-04 3.137237915404206268e-01 2.664745412357001908e-01 2.654669365822803773e-01
4.500000000000000000e+01 3.320206876206335256e-01 2.766009431792746387e-01 2.793697309951839181e-01 3.130238015311130328e-01 2.681049709495890165e-01 2.654395532096157639e-01 -4.546877872229331951e-05 -2.048957998913922133e-05 -3.153093886250652876e-05 6.643304465025280702e-04 -2.752826863645370489e-04 2.030542110563264525e-04 3.136881319776156363e-01 2.678296882632243414e-01 2.656426074206721388e-01
4.750000000000000000e+01 3.332423649728088466e-01 2.842366084522532366e-01 2.859005628464797999e-01 3.064923679174461069e-01 2.679069061781105265e-01 2.669698930241006241e-01 -3.124473802844831286e-05 -1.079727258749814995e-05 -3.648038411281817508e-05 1.193763255429998281e-04 -6.138570598104339472e-06 -5.414393320740351376e-06 3.066117442429892037e-01 2.679007676075123023e-01 2.669644786307799333e-01
5.000000000000000000e+01 3.297338901489521024e-01 2.925731364654257094e-01 2.968020431320030905e-01 3.017577071684743317e-01 2.727944231802865160e-01 2.764058214201316477e-01 8.967971732121122553e-05 6.006707207784058261e-05 5.034391092690410698e-05 1.337275464619641120e-03 4.095372770305918454e-04 8.318182879037766759e-04 3.030949826330938679e-01 2.732039604573170410e-01 2.772376397080355548e-01
5.250000000000000000e+01 3.156208450258001785e-01 2.935788060986765924e-01 2.814110038713611428e-01 2.993332228681726548e-01 2.765286149523998316e-01 2.730976158424548439e-01 -5.266433013709098009e-05 -2.909009931027812135e-05 -4.670281683495389142e-05 -4.303826471157809236e-04 -1.366633777153878867e-04 -8.320218158303035766e-05 2.989028402210570090e-01 2.763919515746846578e-01 2.730144136608717020e-01
5.500000000000000000e+01 3.220542641632022085e-01 2.981582289079573456e-01 2.853029055978902884e-01 2.995594305237764265e-01 2.782922222855411243e-01 2.708041080514769217e-01 -8.625273374903207754e-06 -4.676318860194680182e-06 -6.232277916085287288e-06 -3.652582841370893775e-04 1.782664518160898351e-04 1.554486648881968065e-04 2.991941722396391778e-01 2.784704887373573579e-01 2.709595567163651797e-01
5.750000000000000000e+01 3.244026484104947095e-01 2.965226432467324980e-01 2.928256978950515843e-01 2.995067287254650212e-01 2.786198891431366231e-01 2.772609465779726778e-01 -3.473723281476283266e-05 -2.077888644109223475e-05 -2.027582467941232226e-05 -3.265213328645039993e-04 -2.650670162732689347e-04 2.739441958899795082e-04 2.991802073926005945e-01 2.783548221268632439e-01 2.775348907738626192e-01
6.000000000000000000e+01 3.301531866351598565e-01 3.014936730003811016e-01 2.980977340174406631e-01 2.991053948514373895e-01 2.789869372186533081e-01 2.792717008577076387e-01 -1.371209160380699169e-05 2.784577121574261977e-05 -6.160427256590584517e-06 -2.076207231139821799e-04 -1.708345563142639131e-04 -3.303094140459364642e-04 2.988977741283234679e-01 2.788161026623392491e-01 2.789413914436617570e-01
6.250000000000000000e+01 3.304101012756771594e-01 2.941741382709734953e-01 2.946434880509428700e-01 2.995073912158114915e-01 2.799085113151477677e-01 2.795313327822805949e-01 -2.978386064086733202e-05 -1.085506874009675843e-05 -3.134789936010998847e-05 2.375108487171728429e-04 1.632520535170611049e-04 -1.991488380708399781e-04 2.997449020645287510e-01 2.800717633686649610e-01 2.793321839442097221e-01
6.500000000000000000e+01 3.127575145282784352e-01 2.909830770375275710e-01 2.877759026291368816e-01 2.961667379088278040e-01 2.823026379309129807e-01 2.805582667380180362e-01 5.481219033451984276e-05 7.950821627070337068e-05 4.645114474515493656e-06 1.322017294337614812e-03 8.325835520373780704e-04 2.040104739459560040e-03 2.974887552031653115e-01 2.831352214829503389e-01 2.825983714774776834e-01
6.750000000000000000e+01 3.199038218256314292e-01 2.919273607662618009e-01 3.008585696453217051e-01 2.975448152650655431e-01 2.828138154785201919e-01 2.808423169517899054e-01 5.320924395242271950e-04 9.565640995984570029e-05 2.599865624797926969e-04 -4.413384220770763284e-05 3.692008687607848576e-04 4.264034851119360308e-04 2.975006814228578489e-01 2.831830163472808803e-01 2.812687204369019311e-01
7.000000000000000000e+01 3.200552877603053958e-01 2.984318570761651523e-01 3.048346782896257934e-01 2.982099306401653216e-01 2.824688343334606500e-01 2.831859275139065879e-01 -2.614062726392991551e-05 -1.607576122137475039e-05 -1.692677829203980452e-05 1.040654476087880071e-03 3.565080929737989707e-04 1.445530151999820274e-03 2.992505851162532982e-01 2.828253424264344784e-01 2.846314576659064177e-01
7.250000000000000000e+01 3.058173121749342971e-01 2.975796498556406156e-01 2.942936713565996176e-01 2.895576384778002499e-01 2.804965143166062158e-01 2.807931711707270517e-01 -1.818646879829188497e-05 -1.568618848338814998e-05 -2.497529598143965511e-05 3.373062171072294915e-04 6.292391824936921117e-04 1.357521779804128214e-04 2.898949446949075082e-01 2.811257534990999063e-01 2.809289233487074489e-01
7.500000000000000000e+01 3.124199783212164294e-01 2.969745555120397729e-01 2.898662207064973684e-01 2.908320667289405748e-01 2.814750325239442907e-01 2.760876176180572239e-01 -2.958576847086620120e-05 -1.673973484732876302e-05 -3.107376102026556194e-05 5.089273957534035196e-04 4.117523701523230018e-04 5.284636681683254223e-04 2.913409941246941082e-01 2.818867848940966869e-01 2.766160812862255014e-01
7.750000000000000000e+01 3.220358908299372769e-01 3.096550066005600010e-01 3.007149329105208158e-01 2.936587831145202609e-01 2.847743145808566134e-01 2.796192671008083663e-01 1.544501301461132198e-04 2.043204258203334842e-05 1.242723292270079389e-04 1.427790983537609770e-04 -1.020663767596181884e-05 2.454898693775512254e-04 2.938015622128741233e-01 2.847641079431806888e-01 2.798647569701859239e-01
8.000000000000000000e+01 3.051710521982535784e-01 2.911828938139544021e-01 2.882451977482868855e-01 2.903529841521595989e-01 2.838010822831100732e-01 2.799920289778750071e-01 -2.479951116863615411e-05 -1.147689372002364943e-05 -6.002487093242118651e-06 7.871770509142266264e-04 3.173624870187393711e-04 2.814848387879811436e-06 2.911401612030738995e-01 2.841184447701286531e-01 2.799948438262627182e-01
8.250000000000000000e+01 3.246067260644467378e-01 2.997530828376528955e-01 3.000719577478687117e-01 2.929087649836493168e-01 2.815124941232132194e-01 2.797101504745702072e-01 -1.513407415598219318e-05 -2.221582224232752898e-05 -1.259539313010839480e-05 9.565228631509531789e-04 1.382955238846495048e-03 1.203271577695255680e-03 2.938652878468003271e-01 2.828954493620597921e-01 2.809134220522654934e-01
8.500000000000000000e+01 3.130625405677686657e-01 2.881625465027519151e-01 2.933645815237211907e-01 2.938620326785094661e-01 2.789187335486240649e-01 2.751486431104512853e-01 -1.301656156851117544e-05 -4.396323686142292535e-06 -1.812284938597192398e-05 -2.173682092440538157e-04 -1.396342357397572760e-04 -1.640125680062003437e-04 2.936446644692655705e-01 2.787790993128842487e-01 2.749846305424449855e-01
8.750000000000000000e+01 3.148327628866416372e-01 2.890362314537189281e-01 2.872786041574372229e-01 2.874376901689371100e-01 2.744216295175662679e-01 2.706738642017097463e-01 -2.342025541656903683e-06 2.048399506319568862e-06 1.484069220497180529e-05 2.783358038395585530e-04 1.022658287225709382e-04 2.421427937174245898e-04 2.877160259727765679e-01 2.745238953462889042e-01 2.709160069954272276e-01
9.000000000000000000e+01 3.013637038891143205e-01 2.825865250988858768e-01 2.835057060646487548e-01 2.781136927495319600e-01 2.694306319034496244e-01 2.719560803131020887e-01 4.514073413731722667e-05 3.964718514126409031e-05 2.918673980806116424e-05 4.543308227854325277e-04 1.783201935107962951e-04 6.310074796387252194e-05 2.785680235723171361e-01 2.696089520969603970e-01 2.720191810610659844e-01
9.250000000000000000e+01 3.050991676309784406e-01 2.836991761880131580e-01 2.901206485376070510e-01 2.752448273063292095e-01 2.663466118731862009e-01 2.674846960698699649e-01 -7.245218283016062326e-06 -6.183417764961074094e-07 -9.291365337629425773e-07 1.288086635132145797e-03 6.241354108226576311e-04 2.020946656433473577e-03 2.765329139414614557e-01 2.669707472840090468e-01 2.695056427263035070e-01
9.500000000000000000e+01 2.904174447950806370e-01 2.700275361954480591e-01 2.727257158361768852e-01 2.657856396279324462e-01 2.557131044769944128e-01 2.585794761784854234e-01 -4.462795023385427219e-06 -2.376144920929277624e-06 -3.540982941573345500e-06 5.169491776010932694e-05 -5.675268132670323453e-05 -2.702498852278808735e-04 2.658373345456926939e-01 2.556563517956674803e-01 2.583092262932575323e-01
9.750000000000000000e+01 2.626556936600161762e-01 2.497846114018034969e-01 2.525398034616974652e-01 2.411242531769405284e-01 2.330884553350362487e-01 2.370125336844337571e-01 0.000000000000000000e+00 0.000000000000000000e+00 0.000000000000000000e+00 1.742719305432053343e-03 1.177703803153447391e-03 7.642123843193928323e-04 2.428669724823726006e-01 2.342661591381897668e-01 2.377767460687533752e-01
