7.754835621768341181e-01
8.000214043116522511e-01
8.303086866087910911e-01
8.688273138199669177e-01
8.904478051338876599e-01
8.906744518148297374e-01
8.906474165896579587e-01
8.907608651557047397e-01
8.903252591064090282e-01
8.900634663792437173e-01
8.900498770152522887e-01
8.896322117547111885e-01
8.895543834313496268e-01
8.885613193670022225e-01
8.884025184062674940e-01
8.877403780408485989e-01
8.863016605067867149e-01
8.854564668952199513e-01
8.829933872585733479e-01
8.808534304502962931e-01
8.781441781325590723e-01
8.747041084324218563e-01
8.685083674931529663e-01
8.666661074828782008e-01
8.507522793885046175e-01
8.427594539522068606e-01
8.332827387744271563e-01
8.259685918662194037e-01
8.184339264348078347e-01
8.110363010998882238e-01
8.040174078401755020e-01
7.974522110018730237e-01
7.915690658024620019e-01
7.845820091388822082e-01
7.775204876421255573e-01
7.717458125938175817e-01
7.653246603696270967e-01
7.575475335958807843e-01
7.520494306395502093e-01
7.441072456179091965e-01
7.374748132964520364e-01
7.305877409587026028e-01
7.254899631567222063e-01
7.193566649421554438e-01
7.134878616588866684e-01
7.067174912490480354e-01
6.997581777768649980e-01
6.905179731564763390e-01
6.857906898075809554e-01
6.783738375566776835e-01
6.722096880616122982e-01
6.690899033071551205e-01
6.610836143323921554e-01
6.538836104062488719e-01
6.469209453275505117e-01
6.418460662195982769e-01
6.370823193825386754e-01
6.353914407204873660e-01
6.382770875529565346e-01
6.379626095487981319e-01
6.384279159794270520e-01
6.391741115215997526e-01
6.379558072156211734e-01
6.383165888297848145e-01
6.391728546433601554e-01
6.409875562657855186e-01
6.395345446652656030e-01
6.412996897942825347e-01
6.396037049616600800e-01
6.409013525284759094e-01
6.401712797618810402e-01
6.399170158808423770e-01
6.427461969906527184e-01
6.428426538719034244e-01
6.474664825482915331e-01
6.524116962978255829e-01
6.588146318906119570e-01
6.728539732455974809e-01
6.956342663653543035e-01
nan
