#x_pos #P_tot_x #P_tot_y #P_tot_z #P_v2_x #P_v2_y #P_v2_z #P_obs_par_x #P_obs_par_y #P_obs_par_z #P_par_par_x #P_par_par_y #P_par_par_z #P_par_v2_x #P_par_v2_y #P_par_v2_z 
-9.750000000000000000e+01 3.786582094659370901e-01 3.301647643590458481e-01 3.274527175912265164e-01 2.823481582502702647e-01 2.665542930723013848e-01 2.656782400186532556e-01 -3.718389616726800465e-05 -1.742770396484480229e-05 -2.386334543635319912e-05 1.281446182324800056e-04 -1.871874923228665651e-04 2.833889516813525161e-04 2.824763028685029487e-01 2.663671055799784471e-01 2.659616289703345959e-01
-9.500000000000000000e+01 4.513551357258464014e-01 3.872543494946864562e-01 3.759463852923750626e-01 2.892472964366833432e-01 2.745632553212827842e-01 2.751449114177695887e-01 -3.392474733425931890e-05 -9.350144783447897456e-06 -1.324476519106127125e-05 1.029930726722376151e-03 6.700611578206290770e-04 7.733633348187909668e-04 2.902772271634057044e-01 2.752333164791033737e-01 2.759182747525886770e-01
-9.250000000000000000e+01 5.207569550575624762e-01 4.178082698767466852e-01 4.224014108526775724e-01 3.011235682794277113e-01 2.849836419253450326e-01 2.863735453256608943e-01 -7.893355195056617259e-06 -3.686844285469603143e-06 -6.492135952570430141e-06 -5.883016653813626963e-04 -1.846174415307808069e-04 -4.843403955862817098e-04 3.005352666140462814e-01 2.847990244838141116e-01 2.858892049300745253e-01
-9.000000000000000000e+01 6.403996794256799907e-01 4.966265474069291863e-01 5.067228934114684780e-01 3.099755809743324764e-01 2.952090946373012170e-01 2.958993610394691776e-01 1.264293369449178274e-04 9.664929068205755297e-07 4.607182423500080792e-05 2.568088414719196973e-03 1.099366701979367922e-03 7.234423210809075517e-04 3.125436693890515927e-01 2.963084613392808486e-01 2.966228033605503023e-01
-8.750000000000000000e+01 6.480674390725125189e-01 5.110361727586606451e-01 5.076341573485484426e-01 3.098701914159267545e-01 2.991413078977093742e-01 2.989752045198639241e-01 3.265541444227524210e-05 -1.734872572685221674e-05 -6.081452953174427843e-06 1.351183904657401666e-03 7.852084469367074998e-04 6.857943431996182341e-04 3.112213753205844147e-01 2.999265163446460103e-01 2.996609988630635768e-01
-8.500000000000000000e+01 6.445432022342630907e-01 5.150547759187172892e-01 5.088475752093666316e-01 3.100602402060931850e-01 2.993982392597880904e-01 2.983283140825556123e-01 1.552754213173790354e-04 5.519877364605656938e-05 4.624819550586442904e-05 2.056922490369608725e-03 1.609736600063397692e-03 8.326231882466915641e-04 3.121171626964627799e-01 3.010079758598512290e-01 2.991609372708022296e-01
-8.250000000000000000e+01 6.540179348597813247e-01 5.011097593072808554e-01 5.193405022580263042e-01 3.123753716884072329e-01 2.989056507216210634e-01 2.980292467728378192e-01 -5.959191234471495951e-05 -3.162480612315327684e-05 -2.827011045427647471e-05 2.784672940226890891e-03 2.084531403567927051e-03 1.767119106158890210e-03 3.151600446286340618e-01 3.009901821251890208e-01 2.997963658789964403e-01
-8.000000000000000000e+01 6.535611124498208468e-01 5.061540181185496534e-01 5.110712418524706591e-01 3.133106243663393298e-01 2.993006852563109277e-01 2.995098512998687901e-01 9.020135531083158808e-06 -2.308918065783418386e-05 6.936890277321436946e-06 1.821270481662993612e-03 1.036503581838185304e-03 1.359361727358525960e-03 3.151318948480023030e-01 3.003371888381489718e-01 3.008692130272271892e-01
-7.750000000000000000e+01 6.612084979074454028e-01 5.267567643594378568e-01 5.224968796910234303e-01 3.145601717652842799e-01 3.009169947468721129e-01 3.007724813854678048e-01 -1.432420978558650110e-05 -1.203847179199510010e-05 -6.785183109048139730e-06 5.311153774707105856e-04 3.065116516863409520e-05 4.967024349924046341e-04 3.150912871427544726e-01 3.009476459120409286e-01 3.012691838204604733e-01
-7.500000000000000000e+01 6.497628334274807571e-01 5.220697663041918846e-01 5.158171140351679451e-01 3.129815022617056242e-01 3.025663247603665451e-01 2.999981296162465005e-01 -2.472867000673669073e-05 -1.394511766460286662e-05 -1.926082103224308951e-05 5.181723825548108665e-04 4.495652792135528008e-04 7.264117146136743822e-04 3.134996746442606508e-01 3.030158900395797383e-01 3.007245413308602400e-01
-7.250000000000000000e+01 6.658405285332583690e-01 5.227265235140626798e-01 5.119971625696667639e-01 3.121352116688075884e-01 3.020376736951944086e-01 3.005164491064523102e-01 -8.309011761110422791e-06 -1.678024752213549403e-05 -5.405061866184957777e-06 7.145717398203748835e-04 1.271824416469339116e-04 6.598184888690207354e-04 3.128497834086279017e-01 3.021648561368413533e-01 3.011762675953215673e-01
-7.000000000000000000e+01 6.418886811812511972e-01 5.053908359129029026e-01 4.992201042598549132e-01 3.141312674598178978e-01 2.997907307447637559e-01 3.013883094620174452e-01 2.006136414875221171e-05 -5.616777160934454690e-06 4.198135186521978501e-05 7.558112253886904632e-04 1.670010706889448057e-04 2.599152150942380421e-04 3.148870786852067671e-01 2.999577318154527661e-01 3.016482246771118314e-01
-6.750000000000000000e+01 6.450200828268431996e-01 5.102419496802438337e-01 5.088428840469059189e-01 3.143463923802586324e-01 3.000110146355299268e-01 3.013397804391492740e-01 -3.777316763895857449e-05 -1.919706045879304804e-05 -1.454542389778038953e-05 1.257784655710706724e-03 5.725226862527865897e-04 1.399921055896510228e-03 3.156041770359691578e-01 3.005835373217826678e-01 3.027397014950457543e-01
-6.500000000000000000e+01 6.444200122765767480e-01 5.094968948379703377e-01 5.130277993998492159e-01 3.146170539022909440e-01 3.014477555986105339e-01 3.003789574651853367e-01 -4.089844115593227404e-05 -3.683466460765475809e-05 -4.044038029800936420e-05 1.422212317225194636e-03 1.114814643843008201e-03 9.655459230991941420e-04 3.160392662195161684e-01 3.025625702424536434e-01 3.013445033882843904e-01
-6.250000000000000000e+01 6.709268768393280569e-01 5.151760606613328131e-01 5.189812134932636489e-01 3.155826841160313534e-01 3.022058465509959713e-01 3.015812154378599841e-01 2.775006517274125118e-04 1.566517103732019954e-04 2.031356458075583220e-04 1.396894008176127831e-03 1.212758733286160287e-03 7.089220897679422793e-04 3.169795781242076282e-01 3.034186052842822723e-01 3.022901375276278446e-01
-6.000000000000000000e+01 6.462781839252712546e-01 5.120688853214678815e-01 5.152388877073509343e-01 3.160190555603408225e-01 3.032756016265955035e-01 3.028667695411349503e-01 -6.005162868633783695e-05 -5.028210790375647714e-05 -3.168114051330383633e-05 3.532921823649586967e-03 2.283953784253701502e-03 2.444253099492210441e-03 3.195519773839904376e-01 3.055595554108493372e-01 3.053110226406272609e-01
-5.750000000000000000e+01 6.660365126634210098e-01 5.205625525070000092e-01 5.118795523918171497e-01 3.185975996617077532e-01 3.056974857209564522e-01 3.038988542398984305e-01 -7.483426490657833102e-05 -3.875298265011778095e-05 -4.593256007840196444e-05 1.639074144795763183e-03 1.396978760946126098e-03 1.281241088448699123e-03 3.202366738065033358e-01 3.070944644819025848e-01 3.051800953283471118e-01
-5.500000000000000000e+01 6.770977958244331907e-01 5.295120500207047831e-01 5.314085036953861696e-01 3.205730158230443161e-01 3.074224113152679294e-01 3.072362480414226882e-01 -2.022297477069038768e-05 -2.880019280608582004e-05 -2.414311825370585814e-05 2.007534214584228913e-03 1.802752545839987923e-03 6.643735964007793518e-04 3.225805500376285884e-01 3.092251638611078768e-01 3.079006216378236682e-01
-5.250000000000000000e+01 6.510378553351657827e-01 5.188250825710217784e-01 5.144831897325284897e-01 3.238050556758641507e-01 3.087120245068642466e-01 3.097886255623440444e-01 -4.697503000598661076e-06 3.545507543232840592e-06 -1.463986869430210822e-05 1.037850132154624150e-03 8.018729762759045426e-04 3.734071826360174998e-04 3.248429058080188336e-01 3.095138974831403988e-01 3.101620327449797765e-01
-5.000000000000000000e+01 6.743152554456252057e-01 5.336737338930139796e-01 5.443260471708796233e-01 3.268228130549561961e-01 3.111043487012949971e-01 3.122149506020120979e-01 -3.087111408515534085e-05 -2.076612152112688865e-05 -1.325715733538066404e-05 5.073241794721509773e-04 1.122527388234611677e-03 9.891284904923330901e-04 3.273301372344279980e-01 3.122268760895294815e-01 3.132040790925043061e-01
-4.750000000000000000e+01 6.270147885853774028e-01 4.992877635045701035e-01 5.088633016124023412e-01 3.293705325369592485e-01 3.137015380309344237e-01 3.157985666800837143e-01 1.345139652306223221e-04 1.268670582850279713e-04 1.218941523826160423e-04 1.537354001476050076e-03 1.521839605918783121e-03 1.704762716401852412e-03 3.309078865384354473e-01 3.152233776368530416e-01 3.175033293964854564e-01
-4.500000000000000000e+01 6.640744695401673559e-01 5.315028178724249264e-01 5.345910433237758275e-01 3.344137062387070869e-01 3.172369975753927540e-01 3.185777223217241549e-01 2.623867541235970426e-04 -4.448307237653251432e-06 5.825175600088961956e-04 8.807786280189290997e-04 7.606262609803268997e-04 5.984619214420713006e-04 3.352944848667260835e-01 3.179976238363733110e-01 3.191761842431662943e-01
-4.250000000000000000e+01 6.644810399674907497e-01 5.398644751748338244e-01 5.389845874813886661e-01 3.417908115557618531e-01 3.217950486916978936e-01 3.217728443074509559e-01 -1.821468862051563986e-05 1.221876364856921553e-05 7.859819402382147281e-05 1.906433174126402228e-03 1.005863295293318296e-03 1.721991665264258802e-03 3.436972447298883848e-01 3.228009119869911792e-01 3.234948359727152223e-01
-4.000000000000000000e+01 5.918932581158157236e-01 4.681590784765594093e-01 4.729153146418040854e-01 3.505673745360983196e-01 3.211304543496076858e-01 3.213398962308021689e-01 1.686837294963073330e-01 9.965613994311932344e-02 9.927902921157094607e-02 1.999860654536010033e-03 1.140872672147404381e-03 1.039404625931747254e-03 3.525672351906342650e-01 3.222713270217548720e-01 3.223793008567338303e-01
-3.950000000000000000e+01 7.129708246465221722e-01 5.647018242232367813e-01 5.712184110047959784e-01 4.124025690042074643e-01 3.753663572785283509e-01 3.756733570210089579e-01 2.398058011197435335e-01 1.546292988601646323e-01 1.555978945106884503e-01 3.368356582931792114e-03 1.846862467957709371e-03 2.223808618408978401e-03 4.157709255871394616e-01 3.772132197464861947e-01 3.778971656394179424e-01
-3.900000000000000000e+01 7.240007955463052536e-01 5.554016504407512933e-01 5.581963910906150295e-01 3.978847149059017707e-01 3.590494528079190006e-01 3.603500165327491178e-01 2.697912969716501075e-01 1.625399370234483498e-01 1.605655048322379985e-01 1.714148079775225895e-03 1.132784583860827268e-03 4.970059251309662078e-04 3.995988629856770946e-01 3.601822373917797915e-01 3.608470224578802510e-01
-3.850000000000000000e+01 7.111511807552696185e-01 5.292747342131139954e-01 5.330699756759517127e-01 3.844114445473570396e-01 3.450199524186941535e-01 3.459315997448083602e-01 2.871592241051658667e-01 1.609877495213812015e-01 1.650936578925832621e-01 1.093356304102552790e-03 9.407460013684438866e-04 4.807680534260135746e-04 3.855048008514597724e-01 3.459606984200626068e-01 3.464123677982344218e-01
-3.800000000000000000e+01 7.015709756356215410e-01 5.172706622515029773e-01 5.205426280032300346e-01 3.607745563572748448e-01 3.210544299238726196e-01 3.217809924863683224e-01 3.377110261751918308e-01 1.944874422546774839e-01 1.965426761261036270e-01 2.014750618866764740e-03 6.557389277168482232e-04 1.260015719856151647e-03 3.627893069761414235e-01 3.217101688515894287e-01 3.230410082062247779e-01
-3.750000000000000000e+01 6.930013747315809658e-01 5.225506712000502763e-01 5.111939855043089453e-01 3.570670795374971118e-01 3.182718748880411508e-01 3.185056325126389698e-01 3.352871466217366425e-01 2.043876589932155374e-01 1.924296616769327617e-01 7.682509261052252207e-04 -1.209085905038710596e-05 3.441253922174013278e-04 3.578353304636026633e-01 3.182597840289906888e-01 3.188497579048562014e-01
-3.700000000000000000e+01 7.048539925301097187e-01 5.171568312138856705e-01 5.174528775633390199e-01 3.567692109223065122e-01 3.180944107661275999e-01 3.182324652741492232e-01 3.458441901834248267e-01 1.974968188346060138e-01 1.978451548683495542e-01 2.358607623582305128e-03 1.595596897855241884e-03 1.441369127706727642e-03 3.591278185458888772e-01 3.196900076639830890e-01 3.196738344018559275e-01
-3.650000000000000000e+01 6.730116453921513031e-01 4.974825468312139565e-01 5.015331529755959750e-01 3.569144139644971347e-01 3.169668789900661476e-01 3.175065811286124084e-01 3.146154205049853658e-01 1.796059660147807102e-01 1.827349295292705067e-01 1.185457858008131344e-03 6.911896369152326167e-04 1.173881182846092100e-03 3.580998718225056887e-01 3.176580686269814269e-01 3.186804623114584678e-01
-3.600000000000000000e+01 6.597916775597832961e-01 5.050209701077177371e-01 4.965025910800752174e-01 3.567663935429102873e-01 3.175745719929784494e-01 3.172092098424650342e-01 3.011067030694332680e-01 1.867350291962472097e-01 1.779936911114322617e-01 1.908457437831310608e-03 7.257665208685120349e-04 1.322111801819108451e-03 3.586748509807415330e-01 3.183003385138472585e-01 3.185313216442842710e-01
-3.550000000000000000e+01 6.552582553341790295e-01 4.856182054194407849e-01 4.921486958219187247e-01 3.580282896663642411e-01 3.185527151110787991e-01 3.171090821086802736e-01 2.954239687201835607e-01 1.665295336682914018e-01 1.740671823842623311e-01 1.662822320851219940e-03 6.140001952387341049e-04 9.100253125450982706e-04 3.596911119872153728e-01 3.191667153063176277e-01 3.180191074212254665e-01
-3.500000000000000000e+01 6.508336625600980030e-01 4.873334346631902347e-01 4.976748248824394705e-01 3.577866040664786085e-01 3.194786761933627317e-01 3.165391492471077428e-01 2.912384918994503913e-01 1.663191378573033452e-01 1.800899813382846604e-01 1.683879165035865070e-03 1.544282713149440012e-03 7.416979597185555323e-04 3.594704832315147036e-01 3.210229589065121680e-01 3.172808472068263663e-01
-3.450000000000000000e+01 6.460737698908455284e-01 4.937269542591561922e-01 4.890463687426484518e-01 3.567734206577046763e-01 3.187105193429851102e-01 3.157487619630595654e-01 2.869719817356783387e-01 1.736912225305428381e-01 1.718114609697520001e-01 2.357700163505436954e-03 1.344814210403881983e-03 1.507109674509534781e-03 3.591311208212099593e-01 3.200553335533889987e-01 3.172558716375692422e-01
-3.400000000000000000e+01 6.403074414566813921e-01 4.837343286246943430e-01 4.889374210601132864e-01 3.576137133406756541e-01 3.189919236250091661e-01 3.163423412502687770e-01 2.793053550612529801e-01 1.631276639592561806e-01 1.700566833105237041e-01 3.390014108750203509e-03 1.615602418795170688e-03 2.538655294894722695e-03 3.610037274494255488e-01 3.206075260438043806e-01 3.188809965451634976e-01
-3.350000000000000000e+01 6.486127908869582237e-01 4.946500538778034195e-01 5.004385432188345195e-01 3.577625357333373834e-01 3.196766463727225838e-01 3.163749485820153140e-01 2.888858228034715814e-01 1.738128250843015421e-01 1.832012330952654533e-01 1.993630358083998359e-03 1.175574229448872205e-03 8.847069637079741766e-04 3.597561660914213588e-01 3.208522206021714451e-01 3.172596555457232737e-01
-3.300000000000000000e+01 6.453589638654331218e-01 4.847835375523592005e-01 4.951313229769834234e-01 3.586234642157414831e-01 3.194503950210207943e-01 3.166419717901631792e-01 2.833929068756205205e-01 1.625452543615493739e-01 1.757895228291997403e-01 3.342592774071332772e-03 2.787888169788847997e-03 2.699828357620237280e-03 3.619660569898128233e-01 3.222382831908097156e-01 3.193418001477834056e-01
-3.250000000000000000e+01 6.413391191338702058e-01 4.916767468906786953e-01 4.991970036541713007e-01 3.591727978724738590e-01 3.197568265514422747e-01 3.169091583584239813e-01 2.781735529043935506e-01 1.702852372819781135e-01 1.803205280843903358e-01 3.992768357003200277e-03 1.634683057258626065e-03 1.967317211356868750e-03 3.631655662294772102e-01 3.213915096087007206e-01 3.188764755697809372e-01
-3.200000000000000000e+01 6.279186068347746286e-01 4.813929758066722298e-01 4.687192309214013863e-01 3.608831254928783205e-01 3.208911056509956006e-01 3.189519344404560530e-01 2.650809104097280877e-01 1.600099938430227520e-01 1.489079782380879902e-01 1.954570932168210335e-03 4.918763126539706706e-04 8.593182428576576779e-04 3.628376964250464853e-01 3.213829819636493390e-01 3.198112526833135072e-01
-3.150000000000000000e+01 6.353818154126741335e-01 4.946292452163215114e-01 4.930381847208636370e-01 3.613063617136211825e-01 3.214396976171592923e-01 3.197046338314739056e-01 2.717671619341463507e-01 1.709341910656591579e-01 1.705583156719195637e-01 2.308291764906507566e-03 2.255356533502963622e-03 2.775235217470282262e-03 3.636146534785280049e-01 3.236950541506624091e-01 3.224798690489440456e-01
-3.100000000000000000e+01 6.412028367815574281e-01 4.864665929366654429e-01 4.819797835325180801e-01 3.618815661351565405e-01 3.215219621090036339e-01 3.214449842471872598e-01 2.778318730475198839e-01 1.636655905939321809e-01 1.604961695705647839e-01 1.489397598880854356e-03 1.279040233729499031e-03 3.862971476597633818e-05 3.633709637340373222e-01 3.228010023427333453e-01 3.214836139619531852e-01
-3.050000000000000000e+01 6.218928098479519218e-01 4.775407230216265897e-01 4.742747643835056870e-01 3.622249875377755446e-01 3.210317155829066071e-01 3.218285971753289121e-01 2.578762817605040891e-01 1.549284400766607617e-01 1.515037130145109046e-01 1.791540549672128229e-03 1.580567362059272273e-03 9.424541936656668497e-04 3.640165280874478326e-01 3.226122829449658003e-01 3.227710513689945881e-01
-3.000000000000000000e+01 6.278225632797624911e-01 4.761677185266244283e-01 4.877123040384393482e-01 3.623913211278600444e-01 3.203712425455121915e-01 3.228262828058500733e-01 2.625322201704829439e-01 1.531996322460070503e-01 1.629469031961445769e-01 2.899021981419402667e-03 2.596843735104728979e-03 1.939118036444891684e-03 3.652903431092794362e-01 3.229680862806171282e-01 3.247654008422947713e-01
-2.950000000000000000e+01 6.296749919100076420e-01 4.781982818341676267e-01 4.872818131000579145e-01 3.628843385276421252e-01 3.211065542731320610e-01 3.237558838271645811e-01 2.646251473031899226e-01 1.559699706662203700e-01 1.624841715359171546e-01 2.165506079175507931e-03 1.121756894815427062e-03 1.041757736976561301e-03 3.650498446068176639e-01 3.222283111679476453e-01 3.247976415641409265e-01
-2.900000000000000000e+01 6.281142053187804830e-01 4.779691051370262289e-01 4.921204915299446925e-01 3.624313845900952735e-01 3.213397232850170870e-01 3.248252721625354833e-01 2.611252805776176911e-01 1.549316197472269674e-01 1.645516348786671690e-01 4.557540151067285099e-03 1.697762104782332996e-03 2.743584488741845039e-03 3.669889247411628475e-01 3.230374853897991505e-01 3.275688566512774957e-01
-2.850000000000000000e+01 6.223924611960806041e-01 4.712977089238495343e-01 4.833923359231430683e-01 3.626837736672891555e-01 3.202611638657733573e-01 3.245399081771422334e-01 2.569471231872132444e-01 1.496386730687392363e-01 1.580332747014466521e-01 2.761564341578359987e-03 1.397871989336714731e-03 8.191530445541668698e-04 3.654453380088671932e-01 3.216590358551101314e-01 3.253590612216963329e-01
-2.800000000000000000e+01 6.351199766383439638e-01 4.785138169488580839e-01 4.869814426771071347e-01 3.620017963557959906e-01 3.218934050368327804e-01 3.254958956063017106e-01 2.717799712965047187e-01 1.563151706071627678e-01 1.608812130190898082e-01 1.338208986043100054e-03 3.052413048623353956e-04 6.043340517157633901e-04 3.633400053418391895e-01 3.221986463416953161e-01 3.261002296580176041e-01
-2.750000000000000000e+01 6.564724665674986914e-01 4.869974043719176859e-01 4.909748722386832465e-01 3.623172381719578228e-01 3.213767042779461791e-01 3.246825897844725084e-01 2.930591933615276368e-01 1.648405597135113865e-01 1.656644305833596398e-01 1.096780073683289829e-03 7.802763313935818417e-04 6.281745464090607994e-04 3.634140182456413459e-01 3.221569806093394495e-01 3.253107643308816299e-01
-2.700000000000000000e+01 6.335089950210864851e-01 4.872847699882154604e-01 4.931551994797360172e-01 3.612644479674228526e-01 3.209239522036345105e-01 3.234342525537741708e-01 2.718772854033069120e-01 1.650811471398215546e-01 1.689220477351454086e-01 3.672616503567849929e-04 1.279670644759469452e-03 7.988991908167205475e-04 3.616317096177798507e-01 3.222036228483936560e-01 3.242331517445909417e-01
-2.650000000000000000e+01 6.081041574668284433e-01 4.654483454429385603e-01 4.720021173589611929e-01 3.625232751421816335e-01 3.222164442594064315e-01 3.240930187686150710e-01 2.452854714002071779e-01 1.427927092340512127e-01 1.485994881954650904e-01 2.954109244399756519e-04 4.391919494806476596e-04 -6.903896051191180279e-04 3.628186860666214875e-01 3.226556362088872643e-01 3.234026291634959360e-01
-2.600000000000000000e+01 6.135524400618254104e-01 4.700784369403103180e-01 4.702165072300205084e-01 3.625045509160191859e-01 3.231161687450370690e-01 3.230200859276361469e-01 2.474591657628843755e-01 1.447326145137275144e-01 1.454264533066395859e-01 3.588723382922055435e-03 2.229653681545498266e-03 1.769967995744885312e-03 3.660932742989412847e-01 3.253458224265827758e-01 3.247900539233808948e-01
-2.550000000000000000e+01 6.293951159721669075e-01 4.784954035859895205e-01 4.819357092396517328e-01 3.623627585229542425e-01 3.231990894800823022e-01 3.231239076482957939e-01 2.632261886266834550e-01 1.532547211038172430e-01 1.562906548113056626e-01 3.806168822529318492e-03 2.041593002089451409e-03 2.521146780050277994e-03 3.661689273454837301e-01 3.252406824821719167e-01 3.256450544283460147e-01
-2.500000000000000000e+01 6.382792468910118977e-01 4.882187758443715664e-01 4.794808084291724559e-01 3.630945809250301637e-01 3.243255829154384484e-01 3.232244741242721875e-01 2.725361753934578690e-01 1.634338279448465103e-01 1.556729921355394508e-01 2.650137417611282686e-03 4.595268647486226211e-04 5.841973788716227182e-04 3.657447183426415505e-01 3.247851097801868758e-01 3.238086715031436302e-01
-2.450000000000000000e+01 6.140087436522480013e-01 4.744056487691480917e-01 4.713452168038770873e-01 3.634168460970402803e-01 3.237876815811223108e-01 3.230466961143624860e-01 2.474638351872281983e-01 1.480267015009842368e-01 1.465492670970372224e-01 2.409963256066581343e-03 2.284426535708889566e-03 1.492416480946120484e-03 3.658268093531067966e-01 3.260721081168312385e-01 3.245391125953085987e-01
-2.400000000000000000e+01 6.358132376919652939e-01 4.732723285837805438e-01 4.759736694710520744e-01 3.646699778171300643e-01 3.245082498973741458e-01 3.227433235099189113e-01 2.692790696775377302e-01 1.476007491382980152e-01 1.524925817893064695e-01 1.864190197297946588e-03 1.163329548108156574e-03 7.377641718269362710e-04 3.665341680144278413e-01 3.256715794454821400e-01 3.234810876817455494e-01
-2.350000000000000000e+01 6.261928740541804483e-01 4.771543913321403818e-01 4.831280074021934712e-01 3.647392466020197843e-01 3.255175988980645307e-01 3.234502090756493087e-01 2.590472009962208055e-01 1.506684387134080705e-01 1.587303816621758457e-01 2.406426455939956067e-03 9.683537206675886782e-04 9.474166643680991332e-04 3.671456730579596428e-01 3.264859526187322003e-01 3.243976257400176810e-01
-2.300000000000000000e+01 5.852989967031759777e-01 4.536457115421673736e-01 4.506791160439871380e-01 3.660614574023439149e-01 3.238183482671405100e-01 3.228891294465296991e-01 2.156482747255629717e-01 1.273940910384956382e-01 1.261600561180333813e-01 3.589264575268946624e-03 2.433272236531432240e-03 1.629930479423954233e-03 3.696507219776128395e-01 3.262516205036719019e-01 3.245190599259538677e-01
-2.250000000000000000e+01 6.057959179355349999e-01 4.700111472281261471e-01 4.699242313549629180e-01 3.663871628405555025e-01 3.236201056177184787e-01 3.229991191313832388e-01 2.373696901845182561e-01 1.456785663461276636e-01 1.457898833296705221e-01 2.039064910461490208e-03 7.124752642803806315e-04 1.135228893909345045e-03 3.684262277510169659e-01 3.243325808819987888e-01 3.241343480252922848e-01
-2.200000000000000000e+01 5.997357391684279282e-01 4.629123766298366416e-01 4.628156784211130415e-01 3.676475389288028639e-01 3.241519183400929371e-01 3.237830918430259497e-01 2.319139957638201299e-01 1.388746274035181638e-01 1.389762461706013363e-01 1.742044758052107840e-04 -1.141691137745033522e-04 5.634040748545947737e-05 3.678217434046079926e-01 3.240377492263183390e-01 3.238394322505118161e-01
-2.150000000000000000e+01 6.103142385235996725e-01 4.627128922334648453e-01 4.690646865582981384e-01 3.679728862382621313e-01 3.240347689242438767e-01 3.245255033983392434e-01 2.400431101001432033e-01 1.369895534641816792e-01 1.429620291690691103e-01 2.298242185194449873e-03 1.688569845039519486e-03 1.577153990890072660e-03 3.702711284234566080e-01 3.257233387692832771e-01 3.261026573892292224e-01
-2.100000000000000000e+01 6.071632921373231184e-01 4.627762195535720657e-01 4.606992492896670455e-01 3.693420283258971315e-01 3.240587457491463375e-01 3.257847008889551144e-01 2.359547176275179348e-01 1.370562531592066091e-01 1.337538172139408621e-01 1.866546183908156893e-03 1.661220645219115043e-03 1.160731186770855641e-03 3.712085745098054335e-01 3.257199663943653456e-01 3.269454320757260168e-01
-2.050000000000000000e+01 6.204789036125091251e-01 4.780450285078124417e-01 4.773243871656118742e-01 3.704506535977658555e-01 3.255283545970502068e-01 3.262005571303219775e-01 2.473845076734426107e-01 1.502698816345679478e-01 1.497987571334480628e-01 2.643742341300916922e-03 2.246792276194458423e-03 1.325072901841539436e-03 3.730943959390666254e-01 3.277751468732448270e-01 3.275256300321633951e-01
-2.000000000000000000e+01 6.171160293441467770e-01 4.617903011318338913e-01 4.619602019418453942e-01 3.698847077173298969e-01 3.249805659274749847e-01 3.259114258459543945e-01 2.453157201712594659e-01 1.360577300182332361e-01 1.349836953124864958e-01 1.915601455557472670e-03 7.520051861255792848e-04 1.065080783404691095e-03 3.718003091728874221e-01 3.257325711136003776e-01 3.269765066293590650e-01
-1.950000000000000000e+01 6.095130209310773983e-01 4.769425781187003888e-01 4.730061635472782022e-01 3.716083699095760751e-01 3.257535386080917528e-01 3.262854845753184740e-01 2.365295888996645501e-01 1.497921654695821558e-01 1.464302237677227170e-01 1.375062121836769869e-03 1.396874041026391691e-03 2.904552042370537115e-04 3.729834320314128759e-01 3.271504126491179831e-01 3.265759397795553465e-01
-1.900000000000000000e+01 6.098438838865694045e-01 4.668797460532431165e-01 4.656502903859631726e-01 3.720062759803126062e-01 3.255569036071687683e-01 3.268257994128002109e-01 2.352818341284502457e-01 1.402435953141253078e-01 1.383954027257498776e-01 2.555773777805832227e-03 1.079247131949155137e-03 4.290882474128607563e-04 3.745620497581185204e-01 3.266361507391177255e-01 3.272548876602131007e-01
-1.850000000000000000e+01 6.085556986877704855e-01 4.572769341292520218e-01 4.601807841333160343e-01 3.720025581632998013e-01 3.250737630131666500e-01 3.264146275322691859e-01 2.343733108431608758e-01 1.315283761661196205e-01 1.324309647497036169e-01 2.179829681309433231e-03 6.747949499656981636e-04 1.335191851343257722e-03 3.741823878446089435e-01 3.257485579631324013e-01 3.277498193836124729e-01
-1.800000000000000000e+01 6.088808299842409788e-01 4.722389139721848705e-01 4.709262492384157506e-01 3.720068809001924048e-01 3.260836720577681147e-01 3.263625468745283142e-01 2.349800924255451284e-01 1.442602790614586628e-01 1.435109344955317612e-01 1.893856658503156919e-03 1.894962852957723150e-03 1.052767868355676453e-03 3.739007375586955173e-01 3.279786349107259302e-01 3.274153147428839339e-01
-1.750000000000000000e+01 5.889463665819524296e-01 4.698290388758228353e-01 4.661621090540742363e-01 3.717813875618017350e-01 3.263100125497641613e-01 3.263427400284723001e-01 2.160024155789968536e-01 1.431846361982556937e-01 1.395287349931204623e-01 1.162563441153655844e-03 3.343901278031446425e-04 2.906340324815467587e-04 3.729439510029556315e-01 3.266444026775672249e-01 3.266333740609538849e-01
-1.700000000000000000e+01 5.812283185193399815e-01 4.584497248139228764e-01 4.596878626487234110e-01 3.717046399009936719e-01 3.267271527010848220e-01 3.261176524533572763e-01 2.087324028114346253e-01 1.312222336244415200e-01 1.329291035389165154e-01 7.912758069117796110e-04 5.003384883966625419e-04 6.411066564496892143e-04 3.724959157079054672e-01 3.272274911894813565e-01 3.267587591098070621e-01
-1.650000000000000000e+01 5.718791942315299970e-01 4.385903075967508280e-01 4.415947431809157941e-01 3.706369263512256929e-01 3.257822548041786614e-01 3.255208294784560641e-01 1.998752465070609829e-01 1.114498678986745595e-01 1.148648240299941503e-01 1.367021373243563391e-03 1.358184893897758675e-03 1.209089672465938617e-03 3.720039477244690973e-01 3.271404396980764906e-01 3.267299191509219769e-01
-1.600000000000000000e+01 5.660947692460372993e-01 4.437483721500886102e-01 4.422620841516111678e-01 3.694779849722559240e-01 3.261411431242206560e-01 3.248419616107436347e-01 1.956310704470445860e-01 1.170474774528710987e-01 1.172282630180939700e-01 9.857138267367830230e-04 5.597515729970481803e-04 1.918595227736899587e-04 3.704636987989924912e-01 3.267008946972174699e-01 3.250338211335173089e-01
-1.550000000000000000e+01 5.822331989897544524e-01 4.488517232044444416e-01 4.613132836557132799e-01 3.691256304725613058e-01 3.252421098945716960e-01 3.256001180101497638e-01 2.100854656047441982e-01 1.221025491576939043e-01 1.327220592029685620e-01 3.022102912449029562e-03 1.507064152179002055e-03 2.991106442594757605e-03 3.721477333850104485e-01 3.267491740467506345e-01 3.285912244527443571e-01
-1.500000000000000000e+01 5.932716258914073615e-01 4.665681568580430927e-01 4.660236740486872198e-01 3.701404816222733651e-01 3.262382501487491870e-01 3.268143724480964685e-01 2.205440830132012198e-01 1.392994577738660700e-01 1.377664646201578746e-01 2.587061255932451755e-03 1.030448935427425621e-03 1.442836980432789500e-03 3.727275428782058642e-01 3.272686990841768284e-01 3.282572094285290953e-01
-1.450000000000000000e+01 5.739044110925038966e-01 4.509239848153561714e-01 4.538248146759483737e-01 3.679598429016289751e-01 3.253467753035683696e-01 3.255179098291489659e-01 2.051394859433525175e-01 1.247467714824952029e-01 1.272802582566705254e-01 8.050822475225636850e-04 8.304380292926199451e-04 1.026646590128674208e-03 3.687649251491515456e-01 3.261772133328608159e-01 3.265445564192778205e-01
-1.400000000000000000e+01 5.712298106855069335e-01 4.485901928195837329e-01 4.508048724328738710e-01 3.684675397011219489e-01 3.254957717123123095e-01 3.254017858148959275e-01 2.019837568728732602e-01 1.224600163538054481e-01 1.246205723553832218e-01 7.785141115113696983e-04 6.344047534659440213e-04 7.825142625946394969e-04 3.692460538126335345e-01 3.261301764657782432e-01 3.261843000774905521e-01
-1.350000000000000000e+01 5.661259165987698738e-01 4.326020035463540303e-01 4.461928137738346845e-01 3.694037128420185612e-01 3.262813936839674689e-01 3.256171023504112472e-01 1.959907817061070645e-01 1.059770683448545414e-01 1.198979002151824708e-01 7.314220506442991026e-04 3.435415175316691000e-04 6.778112082408581027e-04 3.701351348926625318e-01 3.266249352014992113e-01 3.262949135586521443e-01
-1.300000000000000000e+01 5.972362310353664938e-01 4.722089030796092213e-01 4.533142071764741932e-01 3.693345707607945672e-01 3.274910640626862990e-01 3.257737477355641675e-01 2.274488482814366608e-01 1.443536233833680738e-01 1.273875648113756143e-01 4.528119931353161306e-04 3.642156335549728971e-04 1.528946295342850702e-04 3.697873827539296943e-01 3.278552796962412863e-01 3.259266423650984956e-01
-1.250000000000000000e+01 5.608558207279507046e-01 4.487047160351317898e-01 4.395039061415693671e-01 3.701360580556412039e-01 3.285655366164028646e-01 3.265829322640936283e-01 1.901257081416468930e-01 1.192641137644171179e-01 1.131675884487106931e-01 5.940545306621481227e-04 8.750656543119045283e-04 -2.466145712351369723e-04 3.707301125863035063e-01 3.294406022707149218e-01 3.263363176928585907e-01
-1.200000000000000000e+01 5.578321451189059976e-01 4.435711630954478624e-01 4.429876440708982455e-01 3.705268683981264854e-01 3.284406636725190620e-01 3.261231645799552714e-01 1.867652823324718325e-01 1.141421959089232163e-01 1.165208529071233151e-01 5.399943883079297768e-04 9.883035140054335400e-04 3.436265838199034791e-04 3.710668627864341373e-01 3.294289671865247016e-01 3.264667911637751385e-01
-1.150000000000000000e+01 5.438052289239713177e-01 4.210327608235413521e-01 4.271227380403184726e-01 3.712499185654651312e-01 3.290118867493728727e-01 3.261236667582125826e-01 1.714972928936022434e-01 9.125046954626943319e-02 1.005119957771074546e-01 1.058017464904061717e-03 7.704045278989240424e-04 4.870755049981797830e-04 3.723079360303690466e-01 3.297822912772717663e-01 3.266107422632108515e-01
-1.100000000000000000e+01 5.581636415608345336e-01 4.366353721780318331e-01 4.348110834436063055e-01 3.726114006225479947e-01 3.293033682049019140e-01 3.263575648636683479e-01 1.837434906903693543e-01 1.067137402810451191e-01 1.076140328492606602e-01 1.808750247917130863e-03 6.182636920846806610e-04 8.394857306773674099e-04 3.744201508704650405e-01 3.299216318969863670e-01 3.271970505943456731e-01
-1.050000000000000000e+01 5.724760047950685493e-01 4.487197684215104565e-01 4.461880851866460440e-01 3.729721833163996969e-01 3.296424370702518702e-01 3.263944247296585721e-01 1.987662367392933616e-01 1.182094322861777652e-01 1.188909522156457732e-01 7.375847393752372550e-04 8.678990650807858051e-04 9.027082413417165810e-04 3.737097680557749935e-01 3.305103361353326497e-01 3.272971329710000488e-01
-1.000000000000000000e+01 5.847384403752042825e-01 4.512395040217348496e-01 4.426358582796451890e-01 3.727568615566214660e-01 3.295690709441242983e-01 3.248415808580923381e-01 2.115552943118746143e-01 1.212600907830351238e-01 1.175696408873464216e-01 4.262845067081429736e-04 4.103422945756145072e-04 2.246365342063283519e-04 3.731831460633298070e-01 3.299794132386998924e-01 3.250662173922988507e-01
-9.500000000000000000e+00 5.785696211939328482e-01 4.428220112221417093e-01 4.426068839842530189e-01 3.744448088478864456e-01 3.298069293116739353e-01 3.264635641034233093e-01 2.021002138305119933e-01 1.112443692930851907e-01 1.160487917375720296e-01 2.024598515534376322e-03 1.770712617382633322e-03 9.452814325734909887e-05 3.764694073634208271e-01 3.315776419290566435e-01 3.265580922466806979e-01
-9.000000000000000000e+00 6.141220019440070121e-01 4.566706718464903503e-01 4.564883235826054375e-01 3.745279730107061167e-01 3.299144232505437091e-01 3.255925869191544364e-01 2.372149721218758389e-01 1.250330563603994916e-01 1.299081012924876710e-01 2.379056811424901715e-03 1.723192235547089338e-03 9.876353709635109397e-04 3.769070298221308679e-01 3.316376154860910530e-01 3.265802222901177942e-01
-8.500000000000000000e+00 5.947925666274084255e-01 4.616350435113655837e-01 4.540817799251247178e-01 3.738046610849192763e-01 3.303366592540462054e-01 3.262181073591066127e-01 2.180763514988673102e-01 1.298289607067559526e-01 1.259903648243840546e-01 2.911554043621894083e-03 1.469423550563221615e-03 1.873307741634228042e-03 3.767162151285414207e-01 3.318060828046096034e-01 3.280914151007408019e-01
-8.000000000000000000e+00 5.664901963291287812e-01 4.440404450886567544e-01 4.355721677052655227e-01 3.745715076128148247e-01 3.302262911885514574e-01 3.267745162091876265e-01 1.895459188353589564e-01 1.124092076196429729e-01 1.062983033137155087e-01 2.372769880954942508e-03 1.404946280462089333e-03 2.499348182362521546e-03 3.769442774937697971e-01 3.316312374690136289e-01 3.292738643915503749e-01
-7.500000000000000000e+00 5.594262547339010627e-01 4.351262577980924973e-01 4.410632902355804963e-01 3.733856831799930442e-01 3.295991907901332230e-01 3.264444198124002994e-01 1.851894583124071014e-01 1.054155476554558685e-01 1.143157856328616828e-01 8.511132415008356268e-04 1.115193525034520201e-04 3.030847903185210357e-04 3.742367964214940446e-01 3.297107101426368092e-01 3.267475046027187857e-01
-7.000000000000000000e+00 5.456534819467510067e-01 4.332713209483674555e-01 4.308405266118741639e-01 3.732090364747661093e-01 3.290955902106659781e-01 3.267041569260957790e-01 1.722577580935824859e-01 1.038720300751519443e-01 1.037242194698007325e-01 1.866873784022767403e-04 3.037006625497766076e-04 4.121502159777200996e-04 3.733957238531683265e-01 3.293992908732156777e-01 3.271163071420731261e-01
-6.500000000000000000e+00 5.462429509799129335e-01 4.376386681404470513e-01 4.288200606518894342e-01 3.732252219186732445e-01 3.291877612887936788e-01 3.281448089273477642e-01 1.730232494601569582e-01 1.078698618574732704e-01 9.963528962561585267e-02 -5.520398917180267142e-06 5.810449941803045573e-04 1.039962098925384989e-03 3.732197015197559198e-01 3.297688062829737254e-01 3.291847710262733595e-01
-6.000000000000000000e+00 5.631917655307994153e-01 4.468781046642792409e-01 4.351793766372429872e-01 3.726122559997258055e-01 3.294886826741473262e-01 3.280828889220337996e-01 1.884437723023896782e-01 1.155583334536535167e-01 1.055587829693121621e-01 2.135737228683941107e-03 1.831088536478140153e-03 1.537704745896708311e-03 3.747479932284094040e-01 3.313197712106252801e-01 3.296205936679305060e-01
-5.500000000000000000e+00 5.587709497242707712e-01 4.285455130040086158e-01 4.297324487544012528e-01 3.726142879832199384e-01 3.294903346285291690e-01 3.271595652265721910e-01 1.849804003360842886e-01 9.857908397893726249e-02 1.021379322941845802e-01 1.176261404966631036e-03 4.760943965421044768e-04 4.349512336445296033e-04 3.737905493881864549e-01 3.299664290250711174e-01 3.275945164602167559e-01
-5.000000000000000000e+00 5.506825586750396795e-01 4.316022722998187899e-01 4.271579372478164216e-01 3.721249162074837247e-01 3.296758043738734489e-01 3.284380263235973096e-01 1.772618264623936901e-01 1.005855819701786252e-01 9.787656810437476984e-02 1.295816005162543768e-03 1.340885955766979009e-03 8.433428198442683918e-04 3.734207322126460449e-01 3.310166903296404839e-01 3.292813691434413603e-01
-4.500000000000000000e+00 5.664585527571373014e-01 4.461195743951113513e-01 4.564790521263236700e-01 3.719080451223932271e-01 3.302477833921823591e-01 3.281780363916794174e-01 1.926547090389088002e-01 1.140782008876704140e-01 1.263265062479442535e-01 1.895798595835565753e-03 1.793590115258621729e-03 1.974509486699855491e-03 3.738038437182290008e-01 3.320413735074409511e-01 3.301525458783793887e-01
-4.000000000000000000e+00 5.631263682373911506e-01 4.478716500474953510e-01 4.503412755324376349e-01 3.718572434110978264e-01 3.318024613507850051e-01 3.291591506169747050e-01 1.911729573019897988e-01 1.161683584500393246e-01 1.212197353750330414e-01 9.616752430342396217e-05 -9.916975332916438794e-05 -3.761045956983027813e-05 3.719534109354012408e-01 3.317032915974556517e-01 3.291215401574050237e-01
-3.500000000000000000e+00 5.427065054797924892e-01 4.302953221419086316e-01 4.257803956256666078e-01 3.727577162728031301e-01 3.302944711664363986e-01 3.276937736102133458e-01 1.694125670517155069e-01 9.959393754281975486e-02 9.813912989477428794e-02 5.362221552739327530e-04 4.069134326526981853e-04 -5.250787932073647436e-05 3.732939384280768991e-01 3.307013845990889878e-01 3.276412657308926946e-01
-3.000000000000000000e+00 5.512462340833079733e-01 4.434772408944888666e-01 4.358207303953300360e-01 3.730529467206128436e-01 3.304853583903787917e-01 3.287146234851827109e-01 1.774569764668364469e-01 1.124667430013546465e-01 1.068092078641551257e-01 7.363108958593397304e-04 5.251395027556342038e-04 2.968990459920839930e-04 3.737892576164720815e-01 3.310104978931345809e-01 3.290115225311749381e-01
-2.500000000000000000e+00 5.534382862006151926e-01 4.365323957221525775e-01 4.316751872257989509e-01 3.742065893432225954e-01 3.303582666088744069e-01 3.298687572132271706e-01 1.757524862769841989e-01 1.034554579247733558e-01 9.921404881755634120e-02 3.479210580408587019e-03 2.718671188505089771e-03 2.592381195015434729e-03 3.776857999236312713e-01 3.330769377973794021e-01 3.324611384082427068e-01
-2.000000000000000000e+00 5.452203419207137802e-01 4.390615795594036697e-01 4.359397741235001567e-01 3.741148794199524175e-01 3.299578100939508651e-01 3.296351273011163818e-01 1.697756104093067486e-01 1.085881902306345265e-01 1.055663313782031071e-01 1.329852091454740122e-03 5.155792348186386594e-04 7.383154441807120898e-04 3.754447315114071704e-01 3.304733893287695179e-01 3.303734427452970634e-01
-1.500000000000000000e+00 5.464910622940185592e-01 4.490947332046802409e-01 4.310249454724252582e-01 3.741972279779327559e-01 3.299652514506590806e-01 3.285391201720331278e-01 1.711882689209736352e-01 1.177416417946677563e-01 1.020187653061350036e-01 1.105565395112336272e-03 1.387839959353661485e-03 4.670599942569967494e-04 3.753027933730449517e-01 3.313530914100126790e-01 3.290061801662903518e-01
-1.000000000000000000e+00 5.392543458745858720e-01 4.234845194548821357e-01 4.303894772375670974e-01 3.744527800298200204e-01 3.290548666189296867e-01 3.285516090155227165e-01 1.641179332269101232e-01 9.422488935674749877e-02 1.014695901580401211e-01 6.836326178556708039e-04 2.047634792051260515e-04 3.682780640044990613e-04 3.751364126476758876e-01 3.292596300981346924e-01 3.289198870795272400e-01
-5.000000000000000000e-01 5.533970672528137902e-01 4.352794106863323020e-01 4.458881127503363517e-01 3.751527911492877343e-01 3.293517079094628874e-01 3.291031603000290073e-01 1.777827293281328269e-01 1.058089652247120177e-01 1.169855459214848847e-01 4.615467753930323496e-04 1.187375521575026748e-04 -2.005934711774038108e-04 3.756143379246808522e-01 3.294704454616204092e-01 3.289025668288515503e-01
0.000000000000000000e+00 5.481365495746843841e-01 4.229913485106973625e-01 4.220948047046905183e-01 3.758221994786145048e-01 3.295951744595163602e-01 3.284554311231096535e-01 1.711210576350618850e-01 9.291688322757075957e-02 9.289809595253496755e-02 1.193292461008057777e-03 4.792908236103166119e-04 7.412776290462958851e-04 3.770154919396225268e-01 3.300744652831266723e-01 3.291967087521558977e-01
5.000000000000000000e-01 5.388159653952877548e-01 4.242583391000809279e-01 4.240605049873997778e-01 3.750873965483856876e-01 3.299897987409631250e-01 3.285742743024817059e-01 1.624478047800713421e-01 9.397317584284307912e-02 9.433605535884800886e-02 1.280764066830658620e-03 2.953645162747607893e-04 1.150175326070101501e-03 3.763681606152162185e-01 3.302851632572378349e-01 3.297244496285515192e-01
1.000000000000000000e+00 5.468172643440228908e-01 4.353871333587177039e-01 4.392223439976048471e-01 3.750854589056065724e-01 3.296831081868146773e-01 3.281870172470193192e-01 1.686049115044486180e-01 1.042335951357055007e-01 1.086968000330500589e-01 3.126893933968200034e-03 1.470430036197627795e-03 2.338526717535395309e-03 3.782123528395747170e-01 3.311535382230123004e-01 3.305255439645549131e-01
1.500000000000000000e+00 5.542116565012957796e-01 4.344098504230623492e-01 4.363434857517722310e-01 3.747483104167361745e-01 3.314363351046375472e-01 3.300372910241634594e-01 1.771036875952568257e-01 1.020382192702962848e-01 1.052674105474782629e-01 2.359658489303193170e-03 9.352960481284931186e-04 1.038784180130455535e-03 3.771079689060396478e-01 3.323716311527659673e-01 3.310760752042937183e-01
2.000000000000000000e+00 5.237863779660835162e-01 4.280312495465742328e-01 4.182929096593434592e-01 3.733301134086360884e-01 3.303987804274743367e-01 3.286892476322375578e-01 1.491803226226426082e-01 9.693160405901815602e-02 8.842829162044117675e-02 1.275941934804771622e-03 7.008650600816811183e-04 1.175370406664818590e-03 3.746060553434409912e-01 3.310996454875561601e-01 3.298646180389021576e-01
2.500000000000000000e+00 5.312526638589760708e-01 4.322417856375869172e-01 4.258115733736804742e-01 3.721835118374968165e-01 3.299912560831531061e-01 3.285519647429342438e-01 1.566594326522132152e-01 1.003376723023076955e-01 9.614028306860514239e-02 2.409719369266564645e-03 1.912857252125980045e-03 1.119325562140995652e-03 3.745932312067632997e-01 3.319041133352792494e-01 3.296712903050753041e-01
3.000000000000000000e+00 5.284752785422383026e-01 4.290721751432520770e-01 4.147564692352408433e-01 3.726282458782810836e-01 3.303148656988933451e-01 3.297789332653626171e-01 1.542466706929413733e-01 9.821622202794498546e-02 8.465784220068810206e-02 1.600361971015720535e-03 5.410874164136733914e-04 3.196937691901254562e-04 3.742286078492965684e-01 3.308559531153071331e-01 3.300986270345528384e-01
3.500000000000000000e+00 5.107549205339446674e-01 4.192879049533939084e-01 4.270304884665446776e-01 3.719370919902394435e-01 3.295651109436143478e-01 3.294776607733926332e-01 1.368819584718885263e-01 8.852565503446223338e-02 9.592760008689965590e-02 1.935870071816485393e-03 1.197138975316900961e-03 1.625227606252485852e-03 3.738729620620561689e-01 3.307622499189313836e-01 3.311028883796449662e-01
4.000000000000000000e+00 5.260927485673828619e-01 4.114297446014619219e-01 4.172487772279702134e-01 3.724351199601264595e-01 3.305873509580599667e-01 3.300170020160236306e-01 1.512073986828802452e-01 7.895127997881305759e-02 8.444460445339814492e-02 2.450229924376114230e-03 1.891113664588871604e-03 2.787170758548017206e-03 3.748853498845025056e-01 3.324784646226489060e-01 3.328041727745718603e-01
4.500000000000000000e+00 5.267292127843776761e-01 4.296310582721492022e-01 4.226872332367826446e-01 3.723100098387573942e-01 3.305820933373276871e-01 3.290558143298129568e-01 1.534818799373111053e-01 9.768215750534495201e-02 9.306546739749976815e-02 9.373230083090519030e-04 1.366807429476329765e-03 5.659515094698833572e-04 3.732473328470665153e-01 3.319489007668040559e-01 3.296217658392828764e-01
5.000000000000000000e+00 5.320396311791381061e-01 4.233131822798054111e-01 4.221547841958542824e-01 3.715800927366115780e-01 3.300441388282114308e-01 3.298624529321548815e-01 1.609014196987365031e-01 9.361169791781695504e-02 9.254016369294425226e-02 -4.418812562095434152e-04 -3.426544662230800154e-04 -2.478324292444944628e-04 3.711382114804018251e-01 3.297014843619883728e-01 3.296146205029102383e-01
5.500000000000000000e+00 5.313376023708227258e-01 4.202645073694437627e-01 4.237462289365871437e-01 3.716967328407177473e-01 3.292634279543310560e-01 3.292240187614347557e-01 1.591236998811200454e-01 9.003451513460269950e-02 9.424555053259703330e-02 5.171696489847154091e-04 9.665642805098082499e-04 2.766596425548689133e-04 3.722139024897025417e-01 3.302299922348411743e-01 3.295006784039898884e-01
6.000000000000000000e+00 5.477489189701594263e-01 4.263485732079346224e-01 4.223507432993882094e-01 3.722137881860388964e-01 3.291839872330882266e-01 3.289178252107228806e-01 1.737306766896913046e-01 9.497274528620612555e-02 9.215844302587535009e-02 1.804454094429479467e-03 2.191840688640641927e-03 1.274475062790000586e-03 3.740182422804684270e-01 3.313758279217288161e-01 3.301923002735127066e-01
6.500000000000000000e+00 5.555017991966275659e-01 4.332126233701586449e-01 4.287651618474572768e-01 3.725704274066320987e-01 3.281144313441404781e-01 3.281316921288217059e-01 1.817056434556995892e-01 1.043928297965320551e-01 1.007632130839175022e-01 1.225728334295979284e-03 7.053622294861389272e-04 -1.297433652821132401e-04 3.737961557409285041e-01 3.288197935736265065e-01 3.280019487635396636e-01
7.000000000000000000e+00 5.407890392786609546e-01 4.307593298540748905e-01 4.274380049777434243e-01 3.733583311897151757e-01 3.285356797671613593e-01 3.281043570720722502e-01 1.660983741598618668e-01 1.012953668210152119e-01 9.884009731831962242e-02 1.332333929084157913e-03 9.282832658984403263e-04 4.935505873514389047e-04 3.746906651187992821e-01 3.294639630330595259e-01 3.285979076594237047e-01
7.500000000000000000e+00 5.102895708418853093e-01 4.069882696118872212e-01 3.989491909951581872e-01 3.746445585851929660e-01 3.291218273127465288e-01 3.275446533649709058e-01 1.354417015340015906e-01 7.764707460970300679e-02 7.223016133383049209e-02 2.033107226904634114e-04 2.193676894377156734e-04 -8.256237036433492545e-04 3.748478693078834412e-01 3.293411950021841728e-01 3.267190296613279310e-01
8.000000000000000000e+00 5.274831874083732997e-01 4.150381483704227992e-01 4.109236018098362808e-01 3.730984110175052937e-01 3.290230691743181168e-01 3.261328104054838084e-01 1.533995240312240327e-01 8.464812104097038659e-02 8.409681180913379517e-02 9.852523596439268817e-04 1.366958155134662860e-03 6.939795952189692233e-04 3.740836633771493780e-01 3.303900273294528844e-01 3.268267900007024718e-01
8.500000000000000000e+00 5.343438247576780542e-01 4.232887465811793204e-01 4.144870543899912829e-01 3.743230858783423987e-01 3.299892583152463366e-01 3.259900573722958605e-01 1.595187265558814516e-01 9.243637097714427209e-02 8.862073845732330868e-02 5.020123234539177609e-04 8.631172887887239966e-04 -1.237414396280954226e-04 3.748250982017961586e-01 3.308523756040351316e-01 3.258663159326677383e-01
9.000000000000000000e+00 5.294858417886556534e-01 4.232449333318280549e-01 4.092126722943789097e-01 3.727550427807124755e-01 3.277281913545346259e-01 3.251221373722404384e-01 1.565537907440788246e-01 9.558986346651371369e-02 8.382485976262249450e-02 1.770082638643259070e-04 -7.312148922012128894e-05 2.656751595158514216e-04 3.729320510445766623e-01 3.276550698653142857e-01 3.253878125317564707e-01
9.500000000000000000e+00 5.162990198774226602e-01 4.128203423759251867e-01 4.158948909314182374e-01 3.718272886488960816e-01 3.284020861383499246e-01 3.265398347738481810e-01 1.429357962855787312e-01 8.303262912870179591e-02 8.816753792047510307e-02 1.535934942947700041e-03 1.385627108873410240e-03 1.187518237094865913e-03 3.733632235918438180e-01 3.297877132472233908e-01 3.277273530109429123e-01
1.000000000000000000e+01 5.232339438848921942e-01 4.076728191537472568e-01 4.130309344472384847e-01 3.723600702185887457e-01 3.276628628544763777e-01 3.252935464249643860e-01 1.515539673431041123e-01 8.055818687165250402e-02 8.775250557279352936e-02 -6.800936768006480724e-04 -5.482305723818704443e-04 -1.511755051923386376e-05 3.716799765417883039e-01 3.271146322820944752e-01 3.252784288744451358e-01
1.050000000000000000e+01 5.271916880553592089e-01 4.045834618073391731e-01 4.047350860760534075e-01 3.730250165703145604e-01 3.272731849032524121e-01 3.257506670237492186e-01 1.511245892167685789e-01 7.455406433150489620e-02 7.726787242117998111e-02 3.042082268276645463e-03 2.756212572581902970e-03 1.716546631124018282e-03 3.760670988385911850e-01 3.300293974758343185e-01 3.274672136548734680e-01
1.100000000000000000e+01 5.130648079154392915e-01 4.151407467430773268e-01 4.049597740297537496e-01 3.723508741835858671e-01 3.264558358434678231e-01 3.256868302182473474e-01 1.390786726525173045e-01 8.748809470996357640e-02 7.876716775929572256e-02 1.635261079336282168e-03 1.196816189645829058e-03 5.057760522106234018e-04 3.739861352629220703e-01 3.276526520331138892e-01 3.261926062704580409e-01
1.150000000000000000e+01 5.089044562455062870e-01 4.126120588181736437e-01 4.069071054654818109e-01 3.723043412454727363e-01 3.272150537687130156e-01 3.257076818830816345e-01 1.366179893877251528e-01 8.502893275019793307e-02 8.117095145711310245e-02 -1.787438769127749715e-05 3.680722992628780916e-04 2.847212528730398365e-05 3.722864668577814395e-01 3.275831260679760715e-01 3.257361540083690832e-01
1.200000000000000000e+01 5.197965231051566715e-01 4.163458741823425346e-01 4.162376354481444607e-01 3.717705131579484013e-01 3.274575459539523226e-01 3.251515582904344615e-01 1.458857554022262581e-01 8.819603659664072837e-02 8.967779205059518699e-02 2.140254544982018569e-03 6.922916317495766319e-04 1.408285107114467692e-03 3.739107677029305798e-01 3.281498375857019312e-01 3.265598433975490100e-01
1.250000000000000000e+01 5.099692873064476384e-01 4.116913411614433471e-01 4.027124851430765040e-01 3.719516429565698501e-01 3.284507365868609696e-01 3.250902584775446913e-01 1.368664902748055467e-01 8.290681824798171173e-02 7.719764932652446732e-02 1.151154075072461855e-03 3.337863266003999693e-04 4.245773390076121138e-04 3.731027970316423414e-01 3.287845229134617187e-01 3.255148358165520506e-01
1.300000000000000000e+01 5.030413482679295667e-01 4.078685198397820622e-01 4.090210233389405259e-01 3.727981550340603856e-01 3.288662843475787523e-01 3.252407336630581680e-01 1.284055061336375758e-01 7.768675996689200502e-02 8.273764836988362070e-02 1.837687100231371988e-03 1.315475525311135280e-03 1.042641305998433156e-03 3.746358421342916301e-01 3.301817598728897796e-01 3.262833749690569052e-01
1.350000000000000000e+01 5.053304887983213201e-01 4.089209379854602533e-01 4.078092838617388138e-01 3.722690781288123807e-01 3.279485682248418632e-01 3.258690398401918875e-01 1.314490492018354495e-01 8.058413306805929655e-02 8.142103586576963925e-02 1.612361467673823368e-03 3.882366925590153184e-04 5.192081557776156943e-04 3.738814395964859538e-01 3.283368049174008596e-01 3.263882479959695493e-01
1.400000000000000000e+01 5.135679588190835698e-01 4.071644021454423057e-01 4.164820781815212203e-01 3.736332521817273267e-01 3.288763125252006092e-01 3.267107628339759873e-01 1.380455448333595958e-01 7.746808781054720372e-02 8.957010866824141604e-02 1.889161803996904521e-03 8.200018096943931288e-04 2.012066793038301440e-04 3.755224139857241128e-01 3.296963143348949354e-01 3.269119695132799985e-01
1.450000000000000000e+01 5.158856091321927240e-01 4.114778478977658138e-01 4.188310663937847567e-01 3.742112421224329522e-01 3.274308304440675665e-01 3.254908500264164228e-01 1.382070391562029710e-01 8.276987633925578236e-02 9.137714267222199482e-02 3.467327853556455199e-03 1.277141114442452126e-03 1.963073695146168567e-03 3.776785699759896420e-01 3.287079715585097817e-01 3.274539237215627896e-01
1.500000000000000000e+01 4.988737516357558133e-01 4.092534036095885619e-01 4.089445015589054377e-01 3.741803825121152727e-01 3.281092008931302262e-01 3.263087003812536468e-01 1.226105454002727052e-01 7.979283947784296394e-02 8.133670499119623198e-02 2.082823723367366580e-03 1.351363238615410373e-03 1.299096186455541780e-03 3.762632062354828166e-01 3.294605641317455702e-01 3.276077965677092196e-01
1.550000000000000000e+01 4.869792598495889524e-01 3.966709574860278198e-01 3.893029207455608875e-01 3.736665211806759479e-01 3.285122847400759882e-01 3.263165071205959000e-01 1.129542885847256012e-01 6.670209588214003060e-02 6.235206078262477830e-02 3.584500841874821387e-04 1.456576863811913716e-03 6.343528423404568538e-04 3.740249712648635594e-01 3.299688616038879974e-01 3.269508599629363244e-01
1.600000000000000000e+01 5.047756565249099658e-01 4.047231095150133351e-01 4.098439424239698203e-01 3.732631744532411422e-01 3.282204462287571789e-01 3.260790257213432852e-01 1.319912444667787343e-01 7.684256792834033567e-02 8.402581732936528769e-02 -4.787623951100249196e-04 -3.399046420842712535e-04 -2.609006267386551679e-04 3.727844120581310650e-01 3.278805415866730133e-01 3.258181250946047824e-01
1.650000000000000000e+01 4.961234486490042062e-01 3.991021450942380810e-01 4.055440151304124385e-01 3.732507913396143628e-01 3.279244681112997162e-01 3.265472556241260094e-01 1.226988393143081668e-01 7.081208703328782661e-02 7.854910641993816112e-02 1.738179950813877517e-04 3.655899496505845550e-04 4.476530863482002420e-04 3.734246093346961781e-01 3.282900580609502406e-01 3.269949087104743746e-01
1.700000000000000000e+01 4.908907580029852058e-01 3.936566325007911371e-01 3.964381520900099876e-01 3.736855812191069992e-01 3.268465391858796920e-01 3.265087126255833416e-01 1.146609481616585186e-01 6.560754694681512900e-02 6.711035809029280985e-02 2.544228622219765236e-03 1.202546368096187946e-03 2.819081374133895930e-03 3.762298098413269232e-01 3.280490855539758832e-01 3.293277939997171777e-01
1.750000000000000000e+01 4.903388780035793926e-01 3.932816156012939324e-01 3.854261114488288786e-01 3.729486869865109577e-01 3.254681311331866223e-01 3.256952422302840100e-01 1.153563310639319772e-01 6.654224421790712329e-02 5.826038288477086019e-02 2.033859953136391268e-03 1.271240250200209813e-03 1.470486333774097135e-03 3.749825469396474431e-01 3.267393713833868785e-01 3.271657285640580115e-01
1.800000000000000000e+01 4.949305642224667845e-01 4.058949320134824235e-01 3.949077363382821892e-01 3.736224059688345034e-01 3.251880807076113489e-01 3.261507349314490822e-01 1.206084998936115121e-01 8.014285153408884366e-02 6.906858344629435154e-02 6.996583600206504735e-04 5.639997717820222209e-04 -3.115820394612826838e-04 3.743220643288553418e-01 3.257520804793933022e-01 3.258391528919877822e-01
1.850000000000000000e+01 5.013462862372880524e-01 3.894285585989526455e-01 3.968115016391073890e-01 3.735348668638542868e-01 3.255971847169339961e-01 3.257475567632251989e-01 1.270279914149612388e-01 6.331466914915195865e-02 7.050143646701131916e-02 7.834279584726285819e-04 5.167047328667305093e-04 5.625084088710060378e-04 3.743182948223269246e-01 3.261138894498006313e-01 3.263100651720959866e-01
1.900000000000000000e+01 5.063390595913064285e-01 3.988733419524207457e-01 4.005313551965531960e-01 3.726684080608777538e-01 3.251486997703353365e-01 3.249669196987032826e-01 1.319624097965718945e-01 7.280729930381300841e-02 7.475495013604141481e-02 1.708241733856769723e-03 9.173428782722549716e-04 8.094853618084911322e-04 3.743766497947346172e-01 3.260660426486076680e-01 3.257764050605118644e-01
1.950000000000000000e+01 5.009443013434867753e-01 4.013334979694873628e-01 4.083792278084975580e-01 3.713237663178224901e-01 3.245625704875676476e-01 3.252482439125392033e-01 1.276123165169466001e-01 7.575620056559329019e-02 8.195844054678580459e-02 2.008218508717461801e-03 1.014726916326534265e-03 1.172543349172392238e-03 3.733319848265401752e-01 3.255772974038942391e-01 3.264207872617116979e-01
2.000000000000000000e+01 4.894071345120472594e-01 3.912927981110595477e-01 3.888811624227960229e-01 3.710127060806468480e-01 3.244132196843019234e-01 3.255979779680520103e-01 1.180064584465171929e-01 6.668952433512723155e-02 6.316996939211698414e-02 3.879699848831810846e-04 1.900540916302558665e-04 1.132150626268222862e-04 3.714006760655299000e-01 3.246032737759323439e-01 3.257111930306788583e-01
2.050000000000000000e+01 4.930204423013304083e-01 3.937008563530340899e-01 3.939413201304421408e-01 3.712410257990136353e-01 3.240585363945540642e-01 3.244948424944738008e-01 1.207766424145444023e-01 6.896134637210675489e-02 6.919170003459279572e-02 1.002774087772419220e-03 6.809735863731843563e-04 2.547776013755217311e-04 3.722437998867859643e-01 3.247395099809268770e-01 3.247496200958494006e-01
2.100000000000000000e+01 4.795115501099331823e-01 3.908273377486543576e-01 4.003105587295386347e-01 3.714806314499370377e-01 3.244058541653998540e-01 3.245331808421498820e-01 1.075874453754104704e-01 6.655701286580464893e-02 7.629930308967072805e-02 4.434732845854539446e-04 -1.355292825499966201e-04 -5.219252022819773160e-04 3.719241047345228091e-01 3.242703248828499030e-01 3.240112556398678234e-01
2.150000000000000000e+01 4.674741028843971691e-01 3.827263306091973627e-01 3.856966611088244457e-01 3.715221429920552709e-01 3.237631353090036357e-01 3.242539682264832801e-01 9.539137528272012556e-02 5.883684175796590615e-02 6.142006423237575397e-02 5.605846096217618557e-04 1.263535422277068006e-04 2.262864996532296132e-05 3.720827276016771545e-01 3.238894888512314219e-01 3.242765968764487194e-01
2.200000000000000000e+01 4.771376572840633767e-01 3.849736934943419620e-01 3.788002963609573004e-01 3.713463830894263018e-01 3.241941631411642266e-01 3.241422798717234488e-01 1.051162925339870907e-01 6.070939928871158658e-02 5.417750405104736211e-02 6.749816606502126578e-04 7.013106446641263270e-05 4.805124381863565535e-04 3.720213647500764109e-01 3.242642942056302435e-01 3.246227923099097579e-01
2.250000000000000000e+01 4.891383883765678120e-01 3.926513240585410847e-01 3.989378543050795534e-01 3.709739191487642085e-01 3.235125704079883646e-01 3.244476389467283450e-01 1.164694735764608829e-01 6.782847496591731806e-02 7.359911421133745468e-02 1.694995651342761549e-03 1.310278684635351239e-03 8.911011470138232530e-04 3.726689148001067764e-01 3.248228490926237111e-01 3.253387400937421403e-01
2.300000000000000000e+01 4.931708134967679458e-01 3.855965394496588261e-01 3.943559945282132384e-01 3.710949244717210993e-01 3.234211659982482168e-01 3.238433742596111831e-01 1.197106068789119820e-01 6.096314491995130647e-02 6.962373727412149438e-02 2.365282146134762079e-03 1.212228531459463984e-03 8.888829944807053775e-04 3.734602066178556168e-01 3.246333945297074641e-01 3.247322572540918828e-01
2.350000000000000000e+01 4.722010383283279378e-01 3.846303793849523145e-01 3.843108896433264920e-01 3.707405283467917756e-01 3.221471997854440938e-01 3.236739358025816360e-01 9.925098978034034569e-02 6.133141372571088157e-02 5.949807544684834054e-02 2.209520201195424010e-03 1.151765873797500409e-03 1.138878393896644321e-03 3.729500485479874117e-01 3.232989656592415439e-01 3.248128141964781168e-01
2.400000000000000000e+01 4.812628367241766902e-01 3.806105052988943416e-01 3.768926382789366536e-01 3.707815125467592843e-01 3.227519246909708595e-01 3.238713552744812429e-01 1.104280958195261175e-01 5.737822161210000271e-02 5.295336172848729567e-02 5.322835789151225585e-05 4.803589958236326586e-04 6.792127596811840904e-05 3.708347409046508503e-01 3.232322836867941862e-01 3.239392765504490734e-01
2.450000000000000000e+01 4.944394694135287871e-01 4.010950674614441325e-01 3.913051364646781272e-01 3.706934597584166102e-01 3.233776339014096113e-01 3.236354304696630879e-01 1.237394269767822380e-01 7.706760150129357556e-02 6.749244970236664698e-02 6.582678330141464293e-06 6.498320587407905875e-04 1.772562926482390956e-04 3.707000424367468683e-01 3.240274659601503626e-01 3.238126867623113969e-01
2.500000000000000000e+01 4.817008997120573177e-01 3.847593123293169270e-01 3.787091391247456862e-01 3.713589322759667244e-01 3.221078248146484468e-01 3.222982435707135163e-01 1.106893685027327268e-01 6.262192573004216056e-02 5.710774287865268140e-02 -3.474010666423075068e-04 2.956178462642999750e-05 -6.968473246206259575e-04 3.710115312093245632e-01 3.221373865992747110e-01 3.216013962460931297e-01
2.550000000000000000e+01 4.604006020000144805e-01 3.834270736693410897e-01 3.782998669200739461e-01 3.716010704173091650e-01 3.220753872556073594e-01 3.223870568052706331e-01 8.954669402137202527e-02 6.203555056020879782e-02 5.636937056177138139e-02 -7.471624386665529517e-04 -6.838641464747590359e-04 -4.565604469683104600e-04 3.708539079786422055e-01 3.213915231091324931e-01 3.219304963583024537e-01
2.600000000000000000e+01 4.639502438235026949e-01 3.779865318816207909e-01 3.786647266416168778e-01 3.709667851564684704e-01 3.216717459976134452e-01 3.214106334312183955e-01 9.294955634396609434e-02 5.606108651014814898e-02 5.706651343241866958e-02 3.390232306799741152e-05 2.536993738591714564e-04 1.875797779798075299e-04 3.710006874795365173e-01 3.219254453714726627e-01 3.215982132091981804e-01
2.650000000000000000e+01 4.757846989525519876e-01 3.783733219505330259e-01 3.873806705327588751e-01 3.702261575981454778e-01 3.216741199643236571e-01 3.196027977625918171e-01 1.054119480627391248e-01 5.609188077712094073e-02 6.783500933936166544e-02 1.465932916677296926e-04 6.073212090882342158e-04 -5.713656919441241114e-05 3.703727508898130294e-01 3.222814411734118423e-01 3.195456611933973345e-01
2.700000000000000000e+01 4.648972641615870538e-01 3.747710696273848230e-01 3.722062634927322811e-01 3.692744167200492367e-01 3.210241956579545919e-01 3.193052464719277062e-01 9.502743459633732070e-02 5.318801693232763639e-02 5.244719604716992917e-02 5.954128452003319477e-04 5.588570371023103252e-04 4.538209736348103773e-04 3.698698295652496637e-01 3.215830526950571033e-01 3.197590674455624282e-01
2.750000000000000000e+01 4.698950681363450177e-01 3.819797206273939927e-01 3.800501409665452135e-01 3.686828470912773548e-01 3.209702171257660108e-01 3.184447742063111209e-01 9.922714171200604227e-02 5.931975561715233797e-02 6.024162321090746619e-02 1.985079333061710860e-03 1.689747884475515738e-03 1.363743549326706678e-03 3.706679264243391003e-01 3.226599650102416339e-01 3.198085177556378444e-01
2.800000000000000000e+01 4.499752884553538945e-01 3.690208371868530790e-01 3.660571367290449407e-01 3.680395586412988362e-01 3.202989192909336258e-01 3.182534349431234144e-01 7.907424991939923653e-02 4.725626435576889273e-02 4.554859636082261853e-02 2.861479894656176071e-03 1.465653540150692324e-03 2.255105425098815394e-03 3.709010385359550743e-01 3.217645728310842279e-01 3.205085403682224054e-01
2.850000000000000000e+01 4.650129594904797159e-01 3.857026442251294540e-01 3.742294089057204842e-01 3.681229518515405918e-01 3.209362055632787869e-01 3.175113288825536784e-01 9.516983654841827678e-02 6.407338050190705681e-02 5.624645184166006395e-02 1.720171090520934438e-03 6.930581599434019243e-04 4.716281815069656310e-04 3.698431229420613420e-01 3.216292637232220364e-01 3.179829570640605452e-01
2.900000000000000000e+01 4.610119576951554610e-01 3.803420854706224263e-01 3.750665950060254605e-01 3.679794912975445365e-01 3.199938952827023342e-01 3.170626538722398635e-01 9.227502969494909280e-02 6.005724231270994501e-02 5.801346753314080840e-02 7.574367026621007084e-04 2.909478752101198225e-04 -9.526399355130438264e-06 3.687369280002066319e-01 3.202848431579124466e-01 3.170531274728847215e-01
2.950000000000000000e+01 4.639162216202185052e-01 3.825649481210495195e-01 3.759698514719102547e-01 3.679225638875709969e-01 3.193783029614223334e-01 3.167869964014997097e-01 9.442199895330775916e-02 6.251951995265815631e-02 5.824037036168659004e-02 1.571658779339653875e-03 6.671252069691662725e-04 9.424847087239566351e-04 3.694942226669105656e-01 3.200454281683915991e-01 3.177294811102234773e-01
3.000000000000000000e+01 4.482004145826800623e-01 3.667291853592486439e-01 3.745674282303748104e-01 3.670141974482056257e-01 3.211225210636746152e-01 3.170394303632547151e-01 8.037090507075697610e-02 4.571267947720924346e-02 5.779367396383339184e-02 8.153120637172174860e-04 -1.060151816354693271e-04 -2.656760967135259228e-04 3.678295095119228919e-01 3.210165058820393380e-01 3.167737542665412520e-01
3.050000000000000000e+01 4.543252689047637127e-01 3.698164912188332543e-01 3.748771933826644531e-01 3.661679151411841304e-01 3.208786476244626651e-01 3.180516320385819995e-01 8.853365180113707822e-02 4.936060823151026261e-02 5.737900916750471314e-02 -3.762980375577401290e-04 -4.227646371396553862e-04 -5.534478234225942038e-04 3.657916171036263986e-01 3.204558829873228043e-01 3.174981842151596845e-01
3.100000000000000000e+01 4.566215391462628559e-01 3.714130982473461406e-01 3.657808598444454717e-01 3.654372518147745441e-01 3.198926571710064004e-01 3.179914592079450264e-01 9.195418645255992729e-02 5.190447681115717415e-02 4.795601508344254221e-02 -7.698991210716763347e-04 -3.840357348174345663e-04 -1.666144469422895077e-04 3.646673526937025955e-01 3.195086214361889110e-01 3.178248447610026450e-01
3.150000000000000000e+01 4.501706722310143127e-01 3.785101431581889275e-01 3.701922509495685354e-01 3.644345309989185377e-01 3.186595251175125543e-01 3.188120575062718398e-01 8.653839135129413884e-02 6.003353323733557484e-02 5.162543071021442193e-02 -8.022501191983734056e-04 -1.829151966593024151e-04 -2.452372669178308658e-04 3.636322808797202710e-01 3.184766099208534706e-01 3.185668202393542314e-01
3.200000000000000000e+01 4.554609399256068780e-01 3.799292610224592193e-01 3.673351073442923664e-01 3.643245374365917111e-01 3.180989301627556443e-01 3.185108872526540846e-01 9.211996416899075057e-02 6.246361481969614493e-02 4.943470217706678188e-02 -9.835616799753804564e-04 -6.332839599927373234e-04 -6.104820854283863436e-04 3.633409757566160581e-01 3.174656462027630188e-01 3.179004051672256748e-01
3.250000000000000000e+01 4.529250405042494765e-01 3.680357367305436833e-01 3.635081415741131527e-01 3.645954164546089116e-01 3.179721580242807488e-01 3.192317745125647921e-01 8.592638800023022494e-02 4.890140822621160538e-02 4.145322439872990705e-02 2.403236049410411093e-03 1.162170480051184481e-03 2.823142662818275798e-03 3.669986525040191405e-01 3.191343285043320432e-01 3.220549171753830375e-01
3.300000000000000000e+01 4.490680202725033654e-01 3.666628514861203780e-01 3.552838536271411551e-01 3.639581834301542917e-01 3.178720786000263088e-01 3.189836350691909739e-01 8.394165059923403005e-02 4.821348017847315592e-02 3.519394243955101947e-02 1.168186243115149200e-03 5.772927076206652713e-04 1.106276118399041443e-03 3.651263696732690023e-01 3.184493713076471666e-01 3.200899111875901704e-01
3.350000000000000000e+01 4.567639626173918832e-01 3.684835638183698858e-01 3.709505818056302862e-01 3.639827299694428087e-01 3.170077443665310080e-01 3.186233290035358490e-01 9.241955078714277072e-02 5.104754469479569345e-02 5.174639382133747884e-02 3.616818608063684416e-04 4.282747570434120347e-04 5.808589807568092763e-04 3.643444118302492929e-01 3.174360191235743867e-01 3.192041879842924534e-01
3.400000000000000000e+01 4.497286933179333035e-01 3.728659902964820971e-01 3.714632444489275320e-01 3.638726320253058422e-01 3.171335839062353057e-01 3.182823022879209263e-01 8.485321888638219789e-02 5.488300973209477712e-02 5.248280305257139317e-02 1.002842406245324156e-03 8.493966581519013428e-04 6.981391084352719023e-04 3.648754744315509946e-01 3.179829805643872298e-01 3.189804413963562291e-01
3.450000000000000000e+01 4.471204716292825343e-01 3.739194031300736576e-01 3.723154000046898227e-01 3.645850218521196617e-01 3.174581476041539174e-01 3.175202958894804972e-01 8.122110895906585470e-02 5.557693135237368881e-02 5.430762467751320405e-02 1.314340818096918764e-03 8.843241735462283037e-04 4.874794376961315355e-04 3.658993626702167212e-01 3.183424717776999757e-01 3.180077753271767227e-01
3.500000000000000000e+01 4.506146227067331367e-01 3.713412179431698212e-01 3.672071132787548264e-01 3.641013696919341291e-01 3.154797638817848360e-01 3.167118104382691257e-01 8.482862820900953504e-02 5.473053820761444171e-02 4.946795038342303302e-02 1.684624805789653552e-03 1.130915853770637653e-03 1.027352457062806045e-03 3.657859944977239208e-01 3.166106797355551228e-01 3.177391628953317171e-01
3.550000000000000000e+01 4.523928094547314260e-01 3.648692944938240479e-01 3.686107260184950940e-01 3.638901550324660228e-01 3.149984319379042774e-01 3.153877003404144119e-01 8.764239736124772306e-02 4.988227834372675751e-02 5.270816636267908889e-02 8.602570610175569064e-04 -1.141578780718143399e-05 5.148593154014743586e-04 3.647504120934835781e-01 3.149870161500974430e-01 3.159025596558160953e-01
3.600000000000000000e+01 4.363817297218984814e-01 3.566536964961652956e-01 3.560440386775359789e-01 3.640726160447044224e-01 3.156085957113833329e-01 3.155303181335273321e-01 7.095844473686271914e-02 4.047457314310815707e-02 3.883015692323155826e-02 1.350668940331008552e-03 5.705276416739342915e-04 1.683563620776950360e-03 3.654232849850354015e-01 3.161791233530573675e-01 3.172138817543041500e-01
3.650000000000000000e+01 4.437467304384788425e-01 3.586350870939081226e-01 3.664931483761948994e-01 3.640917020317041009e-01 3.157743282265429441e-01 3.150321341055096758e-01 7.870022506738473533e-02 4.321653271812837122e-02 5.089851295836678169e-02 9.548033393900775103e-04 -3.557738507632963293e-04 5.625013123185542384e-04 3.650465053710941210e-01 3.154185543757797583e-01 3.155946354178284508e-01
3.700000000000000000e+01 4.445683509841291126e-01 3.605086080744043242e-01 3.681082131684039749e-01 3.638444132888186688e-01 3.163157178472161823e-01 3.149516800696422480e-01 7.925979626746533502e-02 4.379836163767989593e-02 5.284743109538048850e-02 1.464141427845168332e-03 3.945285895082196927e-04 3.091020033813514692e-04 3.653085547166640135e-01 3.167102464367245185e-01 3.152607820730234933e-01
3.750000000000000000e+01 4.499407819175283985e-01 3.715706494231458268e-01 3.672798208312827994e-01 3.628029480814802255e-01 3.144281851451607435e-01 3.126737452117256955e-01 8.579798212062893226e-02 5.566578556905581177e-02 5.307454347363367575e-02 1.339851715419178952e-03 1.476678708929126055e-03 1.531532145923735714e-03 3.641427997968994523e-01 3.159048638540900567e-01 3.142052773576489710e-01
3.800000000000000000e+01 4.743892072213516942e-01 3.805011365237930265e-01 3.806126806505117921e-01 3.651014134164465852e-01 3.163549644530099791e-01 3.146508630228389003e-01 1.084650252629482670e-01 6.397121942678474227e-02 6.598800817133582131e-02 8.043400894835565917e-04 2.893435191423685362e-04 -7.281743994140808275e-05 3.659057535059302979e-01 3.166443079721519283e-01 3.145780455828975364e-01
3.850000000000000000e+01 4.907006629482380533e-01 3.941738921027557740e-01 3.945158850982532495e-01 3.887512766991418900e-01 3.408000480925287290e-01 3.395407540892205200e-01 7.208821167417690801e-02 4.218775411166282574e-02 4.070773223921998751e-02 7.236248540459645599e-04 6.574180274289019230e-04 4.203316866580001244e-04 3.894749015531880909e-01 3.414574661199575312e-01 3.399610857758785243e-01
3.900000000000000000e+01 4.864466431040011529e-01 3.959770420680486791e-01 4.023220912808363470e-01 3.974055959340828670e-01 3.504104384107578074e-01 3.491637559146240077e-01 5.155404495487670574e-02 2.397688750781603803e-02 3.003750922065457143e-02 1.670716954875350272e-03 9.500942182018483687e-04 1.409074264504457360e-03 3.990763128889583955e-01 3.513605326289597763e-01 3.505728301791287693e-01
3.950000000000000000e+01 3.837492772027130128e-01 3.356473435717998166e-01 3.252092064895351076e-01 3.385807694200186346e-01 2.997461441995896148e-01 2.986182831227816026e-01 1.146511289748589936e-02 1.079130876487455030e-02 9.276764109202355335e-03 -2.166292090474658636e-04 -8.667890962611081592e-05 -1.738560367741636401e-04 3.383641402109714424e-01 2.996594652899635669e-01 2.984444270860074910e-01
4.000000000000000000e+01 3.268140963324319137e-01 2.906590611566983728e-01 2.840348296767873926e-01 2.947833097550925929e-01 2.619400762472879340e-01 2.616725572485529283e-01 0.000000000000000000e+00 0.000000000000000000e+00 0.000000000000000000e+00 4.309131423468886565e-05 1.569681528830902263e-04 -1.053437583195518981e-04 2.948264010693270043e-01 2.620970444001708977e-01 2.615672134902329304e-01
4.250000000000000000e+01 3.975804208338560852e-01 3.435114551709021469e-01 3.540698124313316764e-01 3.412212946244236322e-01 3.105635375473694282e-01 3.118075864545656883e-01 -2.812858077407489493e-05 -3.686262237343733478e-06 -2.674041396802894532e-05 1.214114761912388945e-03 1.623586910307370332e-04 6.058070241894304968e-04 3.424354093863360426e-01 3.107258962384000789e-01 3.124133934787549083e-01
4.500000000000000000e+01 4.052164668763115207e-01 3.531828482762617849e-01 3.565712421753545747e-01 3.392871784440195104e-01 3.136002099820607292e-01 3.153285530606295128e-01 -1.249945433575892413e-05 8.214332236096421897e-06 -6.653159429580337206e-06 4.194025023524388697e-04 -1.994202032721221281e-04 5.864271320134234553e-04 3.397065809463720720e-01 3.134007897787887131e-01 3.159149801926427470e-01
4.750000000000000000e+01 3.947774498031312862e-01 3.572099873343908549e-01 3.545167854839176846e-01 3.364532425783661740e-01 3.135980181267736255e-01 3.136580511696347995e-01 6.300873494424880073e-05 4.303651028472967736e-06 4.552064534869115070e-05 -2.170903233472399035e-04 7.555991453666944309e-05 -5.111727277558376258e-05 3.362361522550186832e-01 3.136735780413102970e-01 3.136069338968592302e-01
5.000000000000000000e+01 3.880842091175860098e-01 3.521190230048231729e-01 3.478499665653909112e-01 3.362005080565400039e-01 3.154517314733165101e-01 3.138066890062305436e-01 -1.791721328029495387e-06 8.507422329263788149e-07 1.311017138658785741e-05 3.061936492933653442e-04 3.257749283245631237e-05 1.728337282769448031e-04 3.365067017058334109e-01 3.154843089661490407e-01 3.139795227345077433e-01
5.250000000000000000e+01 3.854430056922963366e-01 3.509256804258865658e-01 3.427421425816163381e-01 3.323656584607685982e-01 3.157809656230409767e-01 3.145538521703784007e-01 -4.657578805315506067e-05 -3.870701550096638968e-05 -1.189073722465377207e-05 1.243136916289419710e-03 7.505125930290269809e-04 5.044591635216178665e-04 3.336087953770580095e-01 3.165314782160700280e-01 3.150583113338999985e-01
5.500000000000000000e+01 3.893643879649723583e-01 3.582693375014820436e-01 3.490528955247549914e-01 3.329361419601776229e-01 3.141305517128999414e-01 3.143072384317197598e-01 3.294804344197980095e-05 1.682949722052313438e-05 -5.785088729420763595e-06 1.459323174095891783e-03 1.011589246435104549e-03 8.030976789646288895e-04 3.343954651342736506e-01 3.151421409593350709e-01 3.151103361106843970e-01
5.750000000000000000e+01 3.808842110264386571e-01 3.509619086352604445e-01 3.518092365782401476e-01 3.343615324857533988e-01 3.139211657458551019e-01 3.136730381856571159e-01 1.114271136435827870e-04 5.186578446759494698e-05 1.867326952857818300e-05 -1.196251447118595277e-04 -8.643989487569664636e-05 -9.250961806604912402e-05 3.342419073410415886e-01 3.138347258509793236e-01 3.135805285675911658e-01
6.000000000000000000e+01 4.018249394995609958e-01 3.579363154166106953e-01 3.535875306065416335e-01 3.323090831567817038e-01 3.150521307333620791e-01 3.130812112873758157e-01 -3.515873834142885387e-05 -2.330516153031291014e-05 -1.182353976193901065e-05 -3.881471151204182800e-04 -5.750388980076377254e-05 2.585646735138770209e-04 3.319209360416613963e-01 3.149946268435611096e-01 3.133397759608899102e-01
6.250000000000000000e+01 3.785396783728912085e-01 3.415255564539739219e-01 3.397049809066435833e-01 3.319195436956853262e-01 3.135791732769087070e-01 3.124195638499422945e-01 -6.957645533713882917e-05 -2.854566808058713398e-05 -5.183255273695920422e-05 6.439032136614477242e-04 3.370215795943952756e-04 4.365506396878250216e-04 3.325634469093465828e-01 3.139161948565030169e-01 3.128561144896300772e-01
6.500000000000000000e+01 3.832806713254804376e-01 3.478600561557406712e-01 3.457790291049472886e-01 3.315313166673999334e-01 3.121021484343468599e-01 3.102601590395215325e-01 -3.067833546708430758e-05 -1.570642041035781743e-05 -1.034591449003491995e-05 4.490297826687948864e-04 1.223055345314597465e-03 3.944912888635603108e-04 3.319803464500687418e-01 3.133252037796616096e-01 3.106546503283852956e-01
6.750000000000000000e+01 3.817877548202868176e-01 3.433935338902610046e-01 3.460101741241282669e-01 3.328778756862096344e-01 3.128393577212257859e-01 3.122914899901794161e-01 1.018114310933546763e-04 5.853207314178488673e-05 1.562314889013370872e-04 3.961349635265754465e-04 3.991453805413099987e-04 2.562135838828010306e-04 3.332740106497361077e-01 3.132385031017670962e-01 3.125477035740620302e-01
7.000000000000000000e+01 3.783128153993621234e-01 3.468659562865203383e-01 3.522401738725855491e-01 3.348111781301292833e-01 3.136333893646822135e-01 3.152097821463354932e-01 -3.697367312714638866e-05 -1.932046477807330208e-05 -1.427775787655396801e-05 -2.973594002908898143e-04 -5.336726876831740187e-05 4.845046672846446624e-04 3.345138187298382082e-01 3.135800220959138462e-01 3.156942868136202174e-01
7.250000000000000000e+01 4.046016798287311866e-01 3.590511195380344245e-01 3.539046026536959988e-01 3.348540182413804467e-01 3.147799972457904771e-01 3.136534726136524509e-01 -3.245956251934675171e-05 -1.585060607592081675e-05 -1.035910305496274179e-05 -5.869976620386659548e-06 2.209790348766478747e-04 9.916787323804331154e-05 3.348481482647601148e-01 3.150009762806670888e-01 3.137526404868905550e-01
7.500000000000000000e+01 3.862818479615527933e-01 3.429662618985779288e-01 3.492730537714495154e-01 3.333686386743928698e-01 3.148517096920437353e-01 3.143848333552871077e-01 -3.391848177504022753e-05 -2.493451728376401270e-05 -1.478603240137852175e-05 4.039945951137531121e-04 4.331886883396860724e-04 5.740254416196838901e-04 3.337726332695067910e-01 3.152848983803834826e-01 3.149588587969066600e-01
7.750000000000000000e+01 3.686873043480120571e-01 3.370153488002907705e-01 3.352439538412347875e-01 3.320007289680025342e-01 3.144073519288367313e-01 3.155580961359766290e-01 -3.150115481427458164e-05 -2.158847956215236962e-05 -2.917351596983847970e-05 -1.976016810942472389e-04 2.376140990687795323e-05 3.819403973973705909e-04 3.318031272869083059e-01 3.144311133387437951e-01 3.159400365333738248e-01
8.000000000000000000e+01 3.808820982090785900e-01 3.517402228061817238e-01 3.499311645325990372e-01 3.314010615130446036e-01 3.127720462155066938e-01 3.140178463084684624e-01 3.657521563256694815e-04 1.278360507752564093e-04 2.795441303802264233e-04 3.000364865335390955e-04 8.710575401894438000e-04 2.958280412993665831e-04 3.317010979995781428e-01 3.136431037556962065e-01 3.143136743497679797e-01
8.250000000000000000e+01 3.862512758826489589e-01 3.479115466858139216e-01 3.527998211874674994e-01 3.297824730127109638e-01 3.101149382662335419e-01 3.116506203924813145e-01 -5.427094342404156633e-05 -3.848514364523438760e-05 1.177953328072610296e-06 3.220622700107977042e-04 -2.386859259284139208e-04 9.899489349033372982e-04 3.301045352827217672e-01 3.098762523403050806e-01 3.126405693273845987e-01
8.500000000000000000e+01 3.907775437973208255e-01 3.520812906909102091e-01 3.534859150679022233e-01 3.292650513863344397e-01 3.095275430727593147e-01 3.111261700791512763e-01 2.036576541603077556e-04 1.186403669714076775e-04 1.050887777410447645e-04 -2.024876109906463160e-04 -4.254180245115516952e-04 -1.131328875747599053e-05 3.290625637753436528e-01 3.091021250482477445e-01 3.111148567903938567e-01
8.750000000000000000e+01 3.920513133048827425e-01 3.483053208591805339e-01 3.472082594551977874e-01 3.296651403746946873e-01 3.099597923303340496e-01 3.117384287991167291e-01 -2.972229166853115559e-05 -2.364687833920422219e-05 -2.459573668635009326e-05 1.020175333868184302e-03 1.077936832878878320e-03 3.100008596043493441e-04 3.306853157085630213e-01 3.110377291632130392e-01 3.120484296587210382e-01
9.000000000000000000e+01 3.882095896722685957e-01 3.435124920911324375e-01 3.505128729115197239e-01 3.274637265721117019e-01 3.082532437610071563e-01 3.109671827046051051e-01 4.682157475770880283e-06 1.170666454083072903e-04 1.258419288228647208e-04 2.069345060474623785e-04 1.429082616789339956e-04 5.791099910295134049e-04 3.276706610781590645e-01 3.083961520226859432e-01 3.115462926956344414e-01
9.250000000000000000e+01 3.771342484304939235e-01 3.472485907469317623e-01 3.438763802948323067e-01 3.250925281367376685e-01 3.054825602710229404e-01 3.071410950412625795e-01 -4.354339095783744013e-05 -3.765874673849109434e-05 -6.249051411075340245e-06 1.034299051562865765e-03 1.160217475349189327e-03 3.979969774383880564e-04 3.261268271883006054e-01 3.066427777463723303e-01 3.075390920187007215e-01
9.500000000000000000e+01 3.791842087362345959e-01 3.431090812435011461e-01 3.432635653320538771e-01 3.176157838314524473e-01 3.001982121727254094e-01 2.999130267312263842e-01 -6.112164613414907195e-06 -4.438713250243132288e-06 -1.295856867463282550e-05 -3.293556239843657306e-04 -1.137796393391066088e-04 -5.098510048177474054e-04 3.172864282074681630e-01 3.000844325333864027e-01 2.994031757264086768e-01
9.750000000000000000e+01 3.568934632642651317e-01 3.173947855291231468e-01 3.292498346438560430e-01 3.037075321420452667e-01 2.891460797509306513e-01 2.891685736310899424e-01 -3.324285469016757487e-06 -3.943574581321914702e-06 -3.169269559600138610e-06 -6.675071155675171624e-04 -8.094193974321107913e-04 2.515707057663478215e-04 3.030400250264777551e-01 2.883366603534988637e-01 2.894201443368565330e-01
