#x_pos #P_tot_x #P_tot_y #P_tot_z #P_v2_x #P_v2_y #P_v2_z #P_obs_par_x #P_obs_par_y #P_obs_par_z #P_par_par_x #P_par_par_y #P_par_par_z #P_par_v2_x #P_par_v2_y #P_par_v2_z 
-9.750000000000000000e+01 3.786582094659370901e-01 3.301647643590458481e-01 3.274527175912265164e-01 2.823481582502702647e-01 2.665542930723013848e-01 2.656782400186532556e-01 -3.718389616726800465e-05 -1.742770396484480229e-05 -2.386334543635319912e-05 1.281446182324800056e-04 -1.871874923228665651e-04 2.833889516813525161e-04 2.824763028685029487e-01 2.663671055799784471e-01 2.659616289703345959e-01
-9.500000000000000000e+01 4.513551357258464014e-01 3.872543494946864562e-01 3.759463852923750626e-01 2.892472964366833432e-01 2.745632553212827842e-01 2.751449114177695887e-01 -3.392474733425931890e-05 -9.350144783447897456e-06 -1.324476519106127125e-05 1.029930726722376151e-03 6.700611578206290770e-04 7.733633348187909668e-04 2.902772271634057044e-01 2.752333164791033737e-01 2.759182747525886770e-01
-9.250000000000000000e+01 5.207569550575624762e-01 4.178082698767466852e-01 4.224014108526775724e-01 3.011235682794277113e-01 2.849836419253450326e-01 2.863735453256608943e-01 -7.893355195056617259e-06 -3.686844285469603143e-06 -6.492135952570430141e-06 -5.883016653813626963e-04 -1.846174415307808069e-04 -4.843403955862817098e-04 3.005352666140462814e-01 2.847990244838141116e-01 2.858892049300745253e-01
-9.000000000000000000e+01 6.403996794256799907e-01 4.966265474069291863e-01 5.067228934114684780e-01 3.099755809743324764e-01 2.952090946373012170e-01 2.958993610394691776e-01 1.264293369449178274e-04 9.664929068205755297e-07 4.607182423500080792e-05 2.568088414719196973e-03 1.099366701979367922e-03 7.234423210809075517e-04 3.125436693890515927e-01 2.963084613392808486e-01 2.966228033605503023e-01
-8.750000000000000000e+01 6.480674390725125189e-01 5.110361727586606451e-01 5.076341573485484426e-01 3.098701914159267545e-01 2.991413078977093742e-01 2.989752045198639241e-01 3.265541444227524210e-05 -1.734872572685221674e-05 -6.081452953174427843e-06 1.351183904657401666e-03 7.852084469367074998e-04 6.857943431996182341e-04 3.112213753205844147e-01 2.999265163446460103e-01 2.996609988630635768e-01
-8.500000000000000000e+01 6.445432022342630907e-01 5.150547759187172892e-01 5.088475752093666316e-01 3.100602402060931850e-01 2.993982392597880904e-01 2.983283140825556123e-01 1.552754213173790354e-04 5.519877364605656938e-05 4.624819550586442904e-05 2.056922490369608725e-03 1.609736600063397692e-03 8.326231882466915641e-04 3.121171626964627799e-01 3.010079758598512290e-01 2.991609372708022296e-01
-8.250000000000000000e+01 6.540179348597813247e-01 5.011097593072808554e-01 5.193405022580263042e-01 3.123753716884072329e-01 2.989056507216210634e-01 2.980292467728378192e-01 -5.959191234471495951e-05 -3.162480612315327684e-05 -2.827011045427647471e-05 2.784672940226890891e-03 2.084531403567927051e-03 1.767119106158890210e-03 3.151600446286340618e-01 3.009901821251890208e-01 2.997963658789964403e-01
-8.000000000000000000e+01 6.535611124498208468e-01 5.061540181185496534e-01 5.110712418524706591e-01 3.133106243663393298e-01 2.993006852563109277e-01 2.995098512998687901e-01 9.020135531083158808e-06 -2.308918065783418386e-05 6.936890277321436946e-06 1.821270481662993612e-03 1.036503581838185304e-03 1.359361727358525960e-03 3.151318948480023030e-01 3.003371888381489718e-01 3.008692130272271892e-01
-7.750000000000000000e+01 6.612084979074454028e-01 5.267567643594378568e-01 5.224968796910234303e-01 3.145601717652842799e-01 3.009169947468721129e-01 3.007724813854678048e-01 -1.432420978558650110e-05 -1.203847179199510010e-05 -6.785183109048139730e-06 5.311153774707105856e-04 3.065116516863409520e-05 4.967024349924046341e-04 3.150912871427544726e-01 3.009476459120409286e-01 3.012691838204604733e-01
-7.500000000000000000e+01 6.497628334274807571e-01 5.220697663041918846e-01 5.158171140351679451e-01 3.129815022617056242e-01 3.025663247603665451e-01 2.999981296162465005e-01 -2.472867000673669073e-05 -1.394511766460286662e-05 -1.926082103224308951e-05 5.181723825548108665e-04 4.495652792135528008e-04 7.264117146136743822e-04 3.134996746442606508e-01 3.030158900395797383e-01 3.007245413308602400e-01
-7.250000000000000000e+01 6.658405285332583690e-01 5.227265235140626798e-01 5.119971625696667639e-01 3.121352116688075884e-01 3.020376736951944086e-01 3.005164491064523102e-01 -8.309011761110422791e-06 -1.678024752213549403e-05 -5.405061866184957777e-06 7.145717398203748835e-04 1.271824416469339116e-04 6.598184888690207354e-04 3.128497834086279017e-01 3.021648561368413533e-01 3.011762675953215673e-01
-7.000000000000000000e+01 6.418886811812511972e-01 5.053908359129029026e-01 4.992201042598549132e-01 3.141312674598178978e-01 2.997907307447637559e-01 3.013883094620174452e-01 2.006136414875221171e-05 -5.616777160934454690e-06 4.198135186521978501e-05 7.558112253886904632e-04 1.670010706889448057e-04 2.599152150942380421e-04 3.148870786852067671e-01 2.999577318154527661e-01 3.016482246771118314e-01
-6.750000000000000000e+01 6.450200828268431996e-01 5.102419496802438337e-01 5.088428840469059189e-01 3.143463923802586324e-01 3.000110146355299268e-01 3.013397804391492740e-01 -3.777316763895857449e-05 -1.919706045879304804e-05 -1.454542389778038953e-05 1.257784655710706724e-03 5.725226862527865897e-04 1.399921055896510228e-03 3.156041770359691578e-01 3.005835373217826678e-01 3.027397014950457543e-01
-6.500000000000000000e+01 6.444200122765767480e-01 5.094968948379703377e-01 5.130277993998492159e-01 3.146170539022909440e-01 3.014477555986105339e-01 3.003789574651853367e-01 -4.089844115593227404e-05 -3.683466460765475809e-05 -4.044038029800936420e-05 1.422212317225194636e-03 1.114814643843008201e-03 9.655459230991941420e-04 3.160392662195161684e-01 3.025625702424536434e-01 3.013445033882843904e-01
-6.250000000000000000e+01 6.709268768393280569e-01 5.151760606613328131e-01 5.189812134932636489e-01 3.155826841160313534e-01 3.022058465509959713e-01 3.015812154378599841e-01 2.775006517274125118e-04 1.566517103732019954e-04 2.031356458075583220e-04 1.396894008176127831e-03 1.212758733286160287e-03 7.089220897679422793e-04 3.169795781242076282e-01 3.034186052842822723e-01 3.022901375276278446e-01
-6.000000000000000000e+01 6.462781839252712546e-01 5.120688853214678815e-01 5.152388877073509343e-01 3.160190555603408225e-01 3.032756016265955035e-01 3.028667695411349503e-01 -6.005162868633783695e-05 -5.028210790375647714e-05 -3.168114051330383633e-05 3.532921823649586967e-03 2.283953784253701502e-03 2.444253099492210441e-03 3.195519773839904376e-01 3.055595554108493372e-01 3.053110226406272609e-01
-5.750000000000000000e+01 6.660365126634210098e-01 5.205625525070000092e-01 5.118795523918171497e-01 3.185975996617077532e-01 3.056974857209564522e-01 3.038988542398984305e-01 -7.483426490657833102e-05 -3.875298265011778095e-05 -4.593256007840196444e-05 1.639074144795763183e-03 1.396978760946126098e-03 1.281241088448699123e-03 3.202366738065033358e-01 3.070944644819025848e-01 3.051800953283471118e-01
-5.500000000000000000e+01 6.770977958244331907e-01 5.295120500207047831e-01 5.314085036953861696e-01 3.205730158230443161e-01 3.074224113152679294e-01 3.072362480414226882e-01 -2.022297477069038768e-05 -2.880019280608582004e-05 -2.414311825370585814e-05 2.007534214584228913e-03 1.802752545839987923e-03 6.643735964007793518e-04 3.225805500376285884e-01 3.092251638611078768e-01 3.079006216378236682e-01
-5.250000000000000000e+01 6.510378553351657827e-01 5.188250825710217784e-01 5.144831897325284897e-01 3.238050556758641507e-01 3.087120245068642466e-01 3.097886255623440444e-01 -4.697503000598661076e-06 3.545507543232840592e-06 -1.463986869430210822e-05 1.037850132154624150e-03 8.018729762759045426e-04 3.734071826360174998e-04 3.248429058080188336e-01 3.095138974831403988e-01 3.101620327449797765e-01
-5.000000000000000000e+01 6.743152554456252057e-01 5.336737338930139796e-01 5.443260471708796233e-01 3.268228130549561961e-01 3.111043487012949971e-01 3.122149506020120979e-01 -3.087111408515534085e-05 -2.076612152112688865e-05 -1.325715733538066404e-05 5.073241794721509773e-04 1.122527388234611677e-03 9.891284904923330901e-04 3.273301372344279980e-01 3.122268760895294815e-01 3.132040790925043061e-01
-4.750000000000000000e+01 6.270147885853774028e-01 4.992877635045701035e-01 5.088633016124023412e-01 3.293705325369592485e-01 3.137015380309344237e-01 3.157985666800837143e-01 1.345139652306223221e-04 1.268670582850279713e-04 1.218941523826160423e-04 1.537354001476050076e-03 1.521839605918783121e-03 1.704762716401852412e-03 3.309078865384354473e-01 3.152233776368530416e-01 3.175033293964854564e-01
-4.500000000000000000e+01 6.640744695401673559e-01 5.315028178724249264e-01 5.345910433237758275e-01 3.344137062387070869e-01 3.172369975753927540e-01 3.185777223217241549e-01 2.623867541235970426e-04 -4.448307237653251432e-06 5.825175600088961956e-04 8.807786280189290997e-04 7.606262609803268997e-04 5.984619214420713006e-04 3.352944848667260835e-01 3.179976238363733110e-01 3.191761842431662943e-01
-4.250000000000000000e+01 6.644810399674907497e-01 5.398644751748338244e-01 5.389845874813886661e-01 3.417908115557618531e-01 3.217950486916978936e-01 3.217728443074509559e-01 -1.821468862051563986e-05 1.221876364856921553e-05 7.859819402382147281e-05 1.906433174126402228e-03 1.005863295293318296e-03 1.721991665264258802e-03 3.436972447298883848e-01 3.228009119869911792e-01 3.234948359727152223e-01
-4.000000000000000000e+01 7.481270742059680234e-01 4.793512264398614442e-01 4.930129839686939741e-01 3.505673745360983196e-01 3.211304543496076858e-01 3.213398962308021689e-01 2.854475595802847265e-01 1.102354103060550206e-01 1.147566071371141638e-01 1.999860654536010033e-03 1.140872672147404381e-03 1.039404625931747254e-03 3.525672351906342650e-01 3.222713270217548720e-01 3.223793008567338303e-01
-3.950000000000000000e+01 5.686991209613655451e-01 5.093897355365999413e-01 5.218134500836437706e-01 4.124025690042074643e-01 3.753663572785283509e-01 3.756733570210089579e-01 1.280406785094503896e-01 1.144084931705733887e-01 1.171121857356383772e-01 3.368356582931792114e-03 1.846862467957709371e-03 2.223808618408978401e-03 4.157709255871394616e-01 3.772132197464861947e-01 3.778971656394179424e-01
-3.900000000000000000e+01 6.617376891631610025e-01 5.170526151003700388e-01 5.184034778486102946e-01 3.978847149059017707e-01 3.590494528079190006e-01 3.603500165327491178e-01 2.382027754904170458e-01 1.432075602689235339e-01 1.417693300165352444e-01 1.714148079775225895e-03 1.132784583860827268e-03 4.970059251309662078e-04 3.995988629856770946e-01 3.601822373917797915e-01 3.608470224578802510e-01
-3.850000000000000000e+01 6.513532089204030484e-01 4.924975892138780398e-01 4.977676132371262607e-01 3.844114445473570396e-01 3.450199524186941535e-01 3.459315997448083602e-01 2.544806132155735257e-01 1.447439666083252530e-01 1.508736526923491195e-01 1.093356304102552790e-03 9.407460013684438866e-04 4.807680534260135746e-04 3.855048008514597724e-01 3.459606984200626068e-01 3.464123677982344218e-01
-3.800000000000000000e+01 6.617139818294350828e-01 4.853608834521952464e-01 4.935599385703791087e-01 3.607745563572748448e-01 3.210544299238726196e-01 3.217809924863683224e-01 3.191029803086465888e-01 1.794048689596515478e-01 1.878134512369686593e-01 2.014675787345146605e-03 6.555912732771222501e-04 1.259733052723451116e-03 3.627892321446198332e-01 3.217100211971496426e-01 3.230407255390920773e-01
-3.750000000000000000e+01 6.494920526180829601e-01 4.860741243761427244e-01 4.766024965463012686e-01 3.570670795374971118e-01 3.182718748880411508e-01 3.185056325126389698e-01 3.136083498019583971e-01 1.869868441857535091e-01 1.729529346605641615e-01 7.682509261052252207e-04 -1.209085905038710596e-05 3.441253922174013278e-04 3.578353304636026633e-01 3.182597840289906888e-01 3.188497579048562014e-01
-3.700000000000000000e+01 6.581755792712756792e-01 4.803149321920313630e-01 4.747201758622782708e-01 3.567692109223065122e-01 3.180944107661275999e-01 3.182324652741492232e-01 3.258989924216366130e-01 1.823706018858303468e-01 1.793051844260264427e-01 2.358607623582305128e-03 1.595596897855241884e-03 1.441369127706727642e-03 3.591278185458888772e-01 3.196900076639830890e-01 3.196738344018559275e-01
-3.650000000000000000e+01 6.204666531680432806e-01 4.605284827402161829e-01 4.690699349549512509e-01 3.569144139644971347e-01 3.169668789900661476e-01 3.175065811286124084e-01 2.909229599138331568e-01 1.602810441812782816e-01 1.646857166605535105e-01 1.185457858008131344e-03 6.911896369152326167e-04 1.173881182846092100e-03 3.580998718225056887e-01 3.176580686269814269e-01 3.186804623114584678e-01
-3.600000000000000000e+01 6.103572683916186348e-01 4.703811543588627964e-01 4.648854826220687464e-01 3.567663935429102873e-01 3.175745719929784494e-01 3.172092098424650342e-01 2.749885742338289973e-01 1.711134466079713423e-01 1.640036349155108708e-01 1.908457437831310608e-03 7.257665208685120349e-04 1.322111801819108451e-03 3.586748509807415330e-01 3.183003385138472585e-01 3.185313216442842710e-01
-3.550000000000000000e+01 6.104533299031884575e-01 4.526767565691711681e-01 4.545399478357212697e-01 3.580282896663642411e-01 3.185527151110787991e-01 3.171090821086802736e-01 2.727642923085912829e-01 1.517617591284325107e-01 1.555966410425175805e-01 1.662822320851219940e-03 6.140001952387341049e-04 9.100253125450982706e-04 3.596911119872153728e-01 3.191667153063176277e-01 3.180191074212254665e-01
-3.500000000000000000e+01 6.079996836495721313e-01 4.522664036733156090e-01 4.623292506243883992e-01 3.577866040664786085e-01 3.194786761933627317e-01 3.165391492471077428e-01 2.688619159972318040e-01 1.468747001102503891e-01 1.633821250884023857e-01 1.683879165035865070e-03 1.544282713149440012e-03 7.416979597185555323e-04 3.594704832315147036e-01 3.210229589065121680e-01 3.172808472068263663e-01
-3.450000000000000000e+01 6.011951374341756305e-01 4.592787900782029364e-01 4.528491439924936524e-01 3.567734206577046763e-01 3.187105193429851102e-01 3.157487619630595654e-01 2.642193936928840525e-01 1.551518965645286297e-01 1.524117238014291165e-01 2.357700163505436954e-03 1.344814210403881983e-03 1.507109674509534781e-03 3.591311208212099593e-01 3.200553335533889987e-01 3.172558716375692422e-01
-3.400000000000000000e+01 5.913788033044090620e-01 4.487929350682869911e-01 4.548057316605463862e-01 3.576137133406756541e-01 3.189919236250091661e-01 3.163423412502687770e-01 2.569123255419655805e-01 1.453739417831778624e-01 1.527550441918688884e-01 3.390014108750203509e-03 1.615602418795170688e-03 2.538655294894722695e-03 3.610037274494255488e-01 3.206075260438043806e-01 3.188809965451634976e-01
-3.350000000000000000e+01 6.029938353682273711e-01 4.623686580457058160e-01 4.711111333207133600e-01 3.577625357333373834e-01 3.196766463727225838e-01 3.163749485820153140e-01 2.646197273468233746e-01 1.584732667461913325e-01 1.703145980371420232e-01 1.993630358083998359e-03 1.175574229448872205e-03 8.847069637079741766e-04 3.597561660914213588e-01 3.208522206021714451e-01 3.172596555457232737e-01
-3.300000000000000000e+01 6.056461425607062576e-01 4.498461631613957512e-01 4.682702962289100879e-01 3.586234642157414831e-01 3.194503950210207943e-01 3.166419717901631792e-01 2.627342966789703582e-01 1.452688265388102917e-01 1.632723691087790974e-01 3.342459016956724968e-03 2.787888098150921069e-03 2.699562958628226247e-03 3.619659232326982168e-01 3.222382831191718533e-01 3.193415347487914002e-01
-3.250000000000000000e+01 6.050330875978617851e-01 4.649428469365299854e-01 4.648043275839416344e-01 3.591727978724738590e-01 3.197568265514422747e-01 3.169091583584239813e-01 2.591903607717296332e-01 1.562822530911525398e-01 1.626842778614192853e-01 3.992675386176449542e-03 1.634537391782852397e-03 1.967043484689596534e-03 3.631654732586503953e-01 3.213913639432249836e-01 3.188762018431137157e-01
-3.200000000000000000e+01 5.845970407170917316e-01 4.467488770348764238e-01 4.293906593181860964e-01 3.608831254928783205e-01 3.208911056509956006e-01 3.189519344404560530e-01 2.453875174257302560e-01 1.440725558162598008e-01 1.314532812308451259e-01 1.954570932168210335e-03 4.918763126539706706e-04 8.593182428576576779e-04 3.628376964250464853e-01 3.213829819636493390e-01 3.198112526833135072e-01
-3.150000000000000000e+01 5.858657458259106665e-01 4.622037238953971561e-01 4.614741759093728968e-01 3.613063617136211825e-01 3.214396976171592923e-01 3.197046338314739056e-01 2.490017274957435633e-01 1.532088191308478287e-01 1.526554491657977630e-01 2.307762090517088277e-03 2.255190551541221347e-03 2.773623923982591628e-03 3.636141238041386003e-01 3.236948881687006230e-01 3.224782577554563545e-01
-3.100000000000000000e+01 5.944212095799278339e-01 4.553832687912361954e-01 4.483978615458339423e-01 3.618815661351565405e-01 3.215219621090036339e-01 3.214449842471872598e-01 2.533740496936165987e-01 1.502557848430438880e-01 1.442918497449696968e-01 1.489232667267555502e-03 1.279002797027389404e-03 3.807525887106766598e-05 3.633707988024240110e-01 3.228009649060312181e-01 3.214830595060583218e-01
-3.050000000000000000e+01 5.823337174101375080e-01 4.438925072563412177e-01 4.478341661205092472e-01 3.622249875377755446e-01 3.210317155829066071e-01 3.218285971753289121e-01 2.388277128584600228e-01 1.403562277872310859e-01 1.404801255218119937e-01 1.791540549672128229e-03 1.580567362059272273e-03 9.424541936656668497e-04 3.640165280874478326e-01 3.226122829449658003e-01 3.227710513689945881e-01
-3.000000000000000000e+01 5.871520748604065476e-01 4.406124466111823179e-01 4.565127961357575148e-01 3.623913211278600444e-01 3.203712425455121915e-01 3.228262828058500733e-01 2.432867999548345150e-01 1.372360823130500673e-01 1.474061499521670537e-01 2.899021981419402667e-03 2.596843735104728979e-03 1.939118036444891684e-03 3.652903431092794362e-01 3.229680862806171282e-01 3.247654008422947713e-01
-2.950000000000000000e+01 5.858399653990756795e-01 4.416851128823705563e-01 4.499564839976317177e-01 3.628843385276421252e-01 3.211065542731320610e-01 3.237558838271645811e-01 2.436653257477693901e-01 1.385484526891187784e-01 1.442859428252723231e-01 2.165506079175507931e-03 1.121756894815427062e-03 1.041757736976561301e-03 3.650498446068176639e-01 3.222283111679476453e-01 3.247976415641409265e-01
-2.900000000000000000e+01 5.850426133569081033e-01 4.487236925779356511e-01 4.676740876526975788e-01 3.624313845900952735e-01 3.213397232850170870e-01 3.248252721625354833e-01 2.401461832663512042e-01 1.382993760266802985e-01 1.498122553006660529e-01 4.557540151067285099e-03 1.697762104782332996e-03 2.743584488741845039e-03 3.669889247411628475e-01 3.230374853897991505e-01 3.275688566512774957e-01
-2.850000000000000000e+01 5.799469008819277960e-01 4.429303423396279138e-01 4.559695932498060156e-01 3.626837736672891555e-01 3.202611638657733573e-01 3.245399081771422334e-01 2.340711298009933161e-01 1.372489604827023257e-01 1.456915475083044864e-01 2.761564341578359987e-03 1.397871989336714731e-03 8.191530445541668698e-04 3.654453380088671932e-01 3.216590358551101314e-01 3.253590612216963329e-01
-2.800000000000000000e+01 5.976250723702849488e-01 4.513884547892567101e-01 4.571559642256958766e-01 3.620017963557959906e-01 3.218934050368327804e-01 3.254958956063017106e-01 2.542883166104377146e-01 1.457332258749977905e-01 1.478979258633351668e-01 1.338208986043100054e-03 3.052413048623353956e-04 6.043340517157633901e-04 3.633400053418391895e-01 3.221986463416953161e-01 3.261002296580176041e-01
-2.750000000000000000e+01 6.178353201692030616e-01 4.529455540421201132e-01 4.598267253719734993e-01 3.623172381719578228e-01 3.213767042779461791e-01 3.246825897844725084e-01 2.764305462629117471e-01 1.502946492713807536e-01 1.530200393656137303e-01 1.096780073683289829e-03 7.802763313935818417e-04 6.281745464090607994e-04 3.634140182456413459e-01 3.221569806093394495e-01 3.253107643308816299e-01
-2.700000000000000000e+01 5.927552543981320365e-01 4.550240217801334586e-01 4.592277361164271432e-01 3.612644479674228526e-01 3.209239522036345105e-01 3.234342525537741708e-01 2.518000468823552440e-01 1.477896152062367630e-01 1.515035212807331333e-01 3.671185787321231417e-04 1.279578872109222694e-03 7.981528459438835170e-04 3.616315665461551920e-01 3.222035310757434545e-01 3.242324053997180933e-01
-2.650000000000000000e+01 5.579414293535345237e-01 4.313310704843804078e-01 4.372143729381318122e-01 3.625232751421816335e-01 3.222164442594064315e-01 3.240930187686150710e-01 2.223199093588126840e-01 1.250353625655376832e-01 1.303096264943706672e-01 2.954109244399756519e-04 4.391919494806476596e-04 -6.903896051191180279e-04 3.628186860666214875e-01 3.226556362088872643e-01 3.234026291634959360e-01
-2.600000000000000000e+01 5.679231856289878033e-01 4.392647607361578888e-01 4.413300644211457513e-01 3.625045509160191859e-01 3.231161687450370690e-01 3.230200859276361469e-01 2.233198099743300413e-01 1.310722393722229817e-01 1.333675913067927377e-01 3.588723382922055435e-03 2.229653681545498266e-03 1.769967995744885312e-03 3.660932742989412847e-01 3.253458224265827758e-01 3.247900539233808948e-01
-2.550000000000000000e+01 5.914038610756421344e-01 4.492621011091272321e-01 4.528952739702207242e-01 3.623627585229542425e-01 3.231990894800823022e-01 3.231239076482957939e-01 2.436073417060679869e-01 1.399284339274245170e-01 1.420540525439488999e-01 3.806168822529318492e-03 2.041593002089451409e-03 2.521146780050277994e-03 3.661689273454837301e-01 3.252406824821719167e-01 3.256450544283460147e-01
-2.500000000000000000e+01 5.995244686381695498e-01 4.561807405500993284e-01 4.475694394968037226e-01 3.630945809250301637e-01 3.243255829154384484e-01 3.232244741242721875e-01 2.538979565496681801e-01 1.471419020655833354e-01 1.408827596263882154e-01 2.650137417611282686e-03 4.595268647486226211e-04 5.841973788716227182e-04 3.657447183426415505e-01 3.247851097801868758e-01 3.238086715031436302e-01
-2.450000000000000000e+01 5.766784775857904943e-01 4.465142908535624233e-01 4.405848446091173432e-01 3.634168460970402803e-01 3.237876815811223108e-01 3.230466961143624860e-01 2.293484917388591837e-01 1.332918806173557513e-01 1.304949792952359022e-01 2.409806228056451342e-03 2.284388081390504623e-03 1.491618856591353948e-03 3.658266523250966462e-01 3.260720696625128423e-01 3.245383149709538118e-01
-2.400000000000000000e+01 5.885626727948519710e-01 4.383424287663715280e-01 4.400535810503501954e-01 3.646699778171300643e-01 3.245082498973741458e-01 3.227433235099189113e-01 2.469845686921152417e-01 1.303937435703135250e-01 1.344164044705808692e-01 1.864190197297946588e-03 1.163329548108156574e-03 7.377641718269362710e-04 3.665341680144278413e-01 3.256715794454821400e-01 3.234810876817455494e-01
-2.350000000000000000e+01 5.830758245108496052e-01 4.523415353258618543e-01 4.556746434665612799e-01 3.647392466020197843e-01 3.255175988980645307e-01 3.234502090756493087e-01 2.374009281747237465e-01 1.438167008707890993e-01 1.477701722114115879e-01 2.406426455939956067e-03 9.683537206675886782e-04 9.474166643680991332e-04 3.671456730579596428e-01 3.264859526187322003e-01 3.243976257400176810e-01
-2.300000000000000000e+01 5.427380301972948295e-01 4.182268222273492486e-01 4.187424405806548511e-01 3.660614574023439149e-01 3.238183482671405100e-01 3.228891294465296991e-01 1.931045448296497546e-01 1.101919707983442520e-01 1.101081464631252921e-01 3.589264575268946624e-03 2.433272236531432240e-03 1.629930479423954233e-03 3.696507219776128395e-01 3.262516205036719019e-01 3.245190599259538677e-01
-2.250000000000000000e+01 5.663297447953304919e-01 4.378125215643262624e-01 4.362945246421215950e-01 3.663871628405555025e-01 3.236201056177184787e-01 3.229991191313832388e-01 2.169551924389300779e-01 1.293765363883096486e-01 1.283686588649066707e-01 2.039064910461490208e-03 7.124752642803806315e-04 1.135228893909345045e-03 3.684262277510169659e-01 3.243325808819987888e-01 3.241343480252922848e-01
-2.200000000000000000e+01 5.589725116142613137e-01 4.290198057251569108e-01 4.287927978252208949e-01 3.676475389288028639e-01 3.241519183400929371e-01 3.237830918430259497e-01 2.138182817566376681e-01 1.232973386821302059e-01 1.235089413072629622e-01 1.739462983053639898e-04 -1.141906161674160835e-04 5.554965892029817964e-05 3.678214852271081692e-01 3.240377277239254172e-01 3.238386415019466891e-01
-2.150000000000000000e+01 5.676729031199840847e-01 4.335741120207807775e-01 4.406415799222614393e-01 3.679728862382621313e-01 3.240347689242438767e-01 3.245255033983392434e-01 2.214165635744303473e-01 1.223434407251012129e-01 1.280751295641718857e-01 2.298242185194449873e-03 1.688569845039519486e-03 1.577153990890072660e-03 3.702711284234566080e-01 3.257233387692832771e-01 3.261026573892292224e-01
-2.100000000000000000e+01 5.635852512324945884e-01 4.307846489639691190e-01 4.301802909648423934e-01 3.693420283258971315e-01 3.240587457491463375e-01 3.257847008889551144e-01 2.121348315871790513e-01 1.212371940293427985e-01 1.183974014473553327e-01 1.866546183908156893e-03 1.661220645219115043e-03 1.160731186770855641e-03 3.712085745098054335e-01 3.257199663943653456e-01 3.269454320757260168e-01
-2.050000000000000000e+01 5.837479254618587188e-01 4.514293464794456034e-01 4.475652784039533261e-01 3.704506535977658555e-01 3.255283545970502068e-01 3.262005571303219775e-01 2.290598432506127380e-01 1.395516919033510661e-01 1.349694582205786808e-01 2.643742341300916922e-03 2.246792276194458423e-03 1.325072901841539436e-03 3.730943959390666254e-01 3.277751468732448270e-01 3.275256300321633951e-01
-2.000000000000000000e+01 5.778398973211701373e-01 4.282684427224791035e-01 4.289213590795574182e-01 3.698847077173298969e-01 3.249805659274749847e-01 3.259114258459543945e-01 2.249767332577514989e-01 1.203560607318074349e-01 1.163331378148331624e-01 1.915601455557472670e-03 7.520051861255792848e-04 1.065080783404691095e-03 3.718003091728874221e-01 3.257325711136003776e-01 3.269765066293590650e-01
-1.950000000000000000e+01 5.726600534065044990e-01 4.478023651503870717e-01 4.427397061251936439e-01 3.716083699095760751e-01 3.257535386080917528e-01 3.262854845753184740e-01 2.183955587613909677e-01 1.336885238813974308e-01 1.318844467921335695e-01 1.375062121836769869e-03 1.396874041026391691e-03 2.904552042370537115e-04 3.729834320314128759e-01 3.271504126491179831e-01 3.265759397795553465e-01
-1.900000000000000000e+01 5.622460330751842816e-01 4.340079801173090113e-01 4.320073752023003144e-01 3.720062759803126062e-01 3.255569036071687683e-01 3.268257994128002109e-01 2.137557384723191567e-01 1.228965368047146983e-01 1.215396095384884273e-01 2.555527300670180305e-03 1.078985903763245852e-03 4.285442285672475351e-04 3.745618032809828746e-01 3.266358895109318095e-01 3.272543436413675177e-01
-1.850000000000000000e+01 5.648279021500812735e-01 4.275592545759341334e-01 4.352511190867303648e-01 3.720025581632998013e-01 3.250737630131666500e-01 3.264146275322691859e-01 2.127748616560590222e-01 1.192865249550563722e-01 1.244720336738102118e-01 2.179583204173780875e-03 6.745337217797885533e-04 1.334647832497644609e-03 3.741821413674732422e-01 3.257482967349464853e-01 3.277492753647668344e-01
-1.800000000000000000e+01 5.697196557358297220e-01 4.397422009745657334e-01 4.393529678231135605e-01 3.720068809001924048e-01 3.260836720577681147e-01 3.263625468745283142e-01 2.154982008060936927e-01 1.292773175711312561e-01 1.273551573396892733e-01 1.893856658503156919e-03 1.894962852957723150e-03 1.052767868355676453e-03 3.739007375586955173e-01 3.279786349107259302e-01 3.274153147428839339e-01
-1.750000000000000000e+01 5.485183386403871264e-01 4.357053990461049464e-01 4.310296577066681234e-01 3.717813875618017350e-01 3.263100125497641613e-01 3.263427400284723001e-01 1.944470180106240564e-01 1.245818878633525029e-01 1.212092441252182740e-01 1.162563441153655844e-03 3.343901278031446425e-04 2.906340324815467587e-04 3.729439510029556315e-01 3.266444026775672249e-01 3.266333740609538849e-01
-1.700000000000000000e+01 5.422498548889096437e-01 4.277808888441173574e-01 4.278244839069689220e-01 3.717046399009936719e-01 3.267271527010848220e-01 3.261176524533572763e-01 1.891538554702348052e-01 1.160711400064268067e-01 1.157845744219008766e-01 7.912758069117796110e-04 5.003384883966625419e-04 6.411066564496892143e-04 3.724959157079054672e-01 3.272274911894813565e-01 3.267587591098070621e-01
-1.650000000000000000e+01 5.291369457380269425e-01 4.081927030266677137e-01 4.081297438594377880e-01 3.706369263512256929e-01 3.257822548041786614e-01 3.255208294784560641e-01 1.791299326439927952e-01 9.551297621461302123e-02 9.810571258306220732e-02 1.367021373243563391e-03 1.358184893897758675e-03 1.209089672465938617e-03 3.720039477244690973e-01 3.271404396980764906e-01 3.267299191509219769e-01
-1.600000000000000000e+01 5.246933760613960995e-01 4.170908448069630681e-01 4.151132788878887370e-01 3.694779849722559240e-01 3.261411431242206560e-01 3.248419616107436347e-01 1.729611854500613943e-01 1.058383924021592121e-01 1.045537080936591451e-01 9.857138267367830230e-04 5.597515729970481803e-04 1.918595227736899587e-04 3.704636987989924912e-01 3.267008946972174699e-01 3.250338211335173089e-01
-1.550000000000000000e+01 5.394920104120265458e-01 4.148344675427308448e-01 4.281362445045391873e-01 3.691256304725613058e-01 3.252421098945716960e-01 3.256001180101497638e-01 1.879769187655861984e-01 1.053876872226019307e-01 1.161770872692289430e-01 3.022102912449029562e-03 1.507064152179002055e-03 2.991106442594757605e-03 3.721477333850104485e-01 3.267491740467506345e-01 3.285912244527443571e-01
-1.500000000000000000e+01 5.529649348813335807e-01 4.308420076006204691e-01 4.336777436537938013e-01 3.701404816222733651e-01 3.262382501487491870e-01 3.268143724480964685e-01 2.025780528392715496e-01 1.231394589347864221e-01 1.230283645439697870e-01 2.587061255932451755e-03 1.030448935427425621e-03 1.442836980432789500e-03 3.727275428782058642e-01 3.272686990841768284e-01 3.282572094285290953e-01
-1.450000000000000000e+01 5.328991999387957534e-01 4.184055835894314179e-01 4.193989662467978441e-01 3.679598429016289751e-01 3.253467753035683696e-01 3.255179098291489659e-01 1.856052710067699341e-01 1.087164460176866937e-01 1.095624633678627530e-01 8.050822475225636850e-04 8.304380292926199451e-04 1.026646590128674208e-03 3.687649251491515456e-01 3.261772133328608159e-01 3.265445564192778205e-01
-1.400000000000000000e+01 5.260732753188698263e-01 4.153965349447894528e-01 4.230272766578668242e-01 3.684675397011219489e-01 3.254957717123123095e-01 3.254017858148959275e-01 1.803772469579303372e-01 1.055294035484634074e-01 1.082367449458406239e-01 7.785141115113696983e-04 6.344047534659440213e-04 7.825142625946394969e-04 3.692460538126335345e-01 3.261301764657782432e-01 3.261843000774905521e-01
-1.350000000000000000e+01 5.196665657587026255e-01 3.971132380865046718e-01 4.157283424577710162e-01 3.694037128420185612e-01 3.262813936839674689e-01 3.256171023504112472e-01 1.698971029177646919e-01 8.719081489425060949e-02 1.047484189991993581e-01 7.314220506442991026e-04 3.435415175316691000e-04 6.778112082408581027e-04 3.701351348926625318e-01 3.266249352014992113e-01 3.262949135586521443e-01
-1.300000000000000000e+01 5.544166640460868045e-01 4.376930816257529888e-01 4.179053620352450871e-01 3.693345707607945672e-01 3.274910640626862990e-01 3.257737477355641675e-01 2.042120332653431514e-01 1.254659740580994498e-01 1.095028755783850338e-01 4.528119931353161306e-04 3.642156335549728971e-04 1.528946295342850702e-04 3.697873827539296943e-01 3.278552796962412863e-01 3.259266423650984956e-01
-1.250000000000000000e+01 5.180980061674234083e-01 4.157144620580492944e-01 4.014386880447310957e-01 3.701360580556412039e-01 3.285655366164028646e-01 3.265829322640936283e-01 1.676811521156685303e-01 1.011403088711222420e-01 9.510000393000021812e-02 5.940545306621481227e-04 8.750656543119045283e-04 -2.466145712351369723e-04 3.707301125863035063e-01 3.294406022707149218e-01 3.263363176928585907e-01
-1.200000000000000000e+01 5.165918524331370998e-01 4.106374169354282677e-01 4.086743277617111980e-01 3.705268683981264854e-01 3.284406636725190620e-01 3.261231645799552714e-01 1.659228987214269313e-01 9.659223059837371284e-02 9.845556556409822135e-02 5.399943883079297768e-04 9.883035140054335400e-04 3.436265838199034791e-04 3.710668627864341373e-01 3.294289671865247016e-01 3.264667911637751385e-01
-1.150000000000000000e+01 4.954296937203589435e-01 3.876074267488175407e-01 3.924863751169114234e-01 3.712499185654651312e-01 3.290118867493728727e-01 3.261236667582125826e-01 1.491499813033222155e-01 7.428970945376656143e-02 8.274799515490276203e-02 1.057693097981787789e-03 7.701873509032952213e-04 4.855769679122155335e-04 3.723076116634467803e-01 3.297820741002761569e-01 3.266092437261248760e-01
-1.100000000000000000e+01 5.135964329662859873e-01 4.079578713169196291e-01 4.029048887099058174e-01 3.726114006225479947e-01 3.293033682049019140e-01 3.263575648636683479e-01 1.597227727792711605e-01 9.432094254555165036e-02 9.144652570980604800e-02 1.808750247917130863e-03 6.182636920846806610e-04 8.394857306773674099e-04 3.744201508704650405e-01 3.299216318969863670e-01 3.271970505943456731e-01
-1.050000000000000000e+01 5.330828154083975257e-01 4.174633103981310600e-01 4.166750404787121775e-01 3.729721833163996969e-01 3.296424370702518702e-01 3.263944247296585721e-01 1.798338452603615578e-01 1.038065949184184961e-01 1.064430215860263235e-01 7.375847393752372550e-04 8.678990650807858051e-04 9.027082413417165810e-04 3.737097680557749935e-01 3.305103361353326497e-01 3.272971329710000488e-01
-1.000000000000000000e+01 5.472946842649935029e-01 4.231869772167270449e-01 4.087575414052695422e-01 3.727568615566214660e-01 3.295690709441242983e-01 3.248415808580923381e-01 1.926690003122621120e-01 1.082614599755152701e-01 1.000298224157717270e-01 4.262845067081429736e-04 4.103422945756145072e-04 2.246365342063283519e-04 3.731831460633298070e-01 3.299794132386998924e-01 3.250662173922988507e-01
-9.500000000000000000e+00 5.367399970574429080e-01 4.066781178144847630e-01 4.079118056685001048e-01 3.744448088478864456e-01 3.298069293116739353e-01 3.264635641034233093e-01 1.811158997024558404e-01 9.434855554990230486e-02 9.739839857427934344e-02 2.024501380749632509e-03 1.770661699165278604e-03 9.373454563020192998e-05 3.764693102286361115e-01 3.315775910108392233e-01 3.265572986490535845e-01
-9.000000000000000000e+00 5.674530722493695833e-01 4.259550397767568608e-01 4.205594935265699053e-01 3.745279730107061167e-01 3.299144232505437091e-01 3.255925869191544364e-01 2.137693837862431334e-01 1.071602049362604114e-01 1.113927069430920985e-01 2.378837019228897520e-03 1.722977684574224016e-03 9.865686231758682805e-04 3.769068100299348134e-01 3.316374009351181762e-01 3.265791555423301351e-01
-8.500000000000000000e+00 5.485829528911079223e-01 4.359854448311031860e-01 4.249481614026300313e-01 3.738046610849192763e-01 3.303366592540462054e-01 3.262181073591066127e-01 1.929730795240395258e-01 1.210196416717266299e-01 1.133509056457443070e-01 2.910518636031065448e-03 1.468748311998477806e-03 1.872053513976865884e-03 3.767151797209505881e-01 3.318054075660448188e-01 3.280901608730834584e-01
-8.000000000000000000e+00 5.247073395927911443e-01 4.091016238217883294e-01 4.031666950179116915e-01 3.745715076128148247e-01 3.302262911885514574e-01 3.267745162091876265e-01 1.677476701902689826e-01 9.495060899766198659e-02 9.026358009448999520e-02 2.372524700880778315e-03 1.404882610971340453e-03 2.498465742069988418e-03 3.769440323136956095e-01 3.316311737995228937e-01 3.292729819512578149e-01
-7.500000000000000000e+00 5.211030579570976595e-01 4.009370698424392088e-01 4.125266106147751910e-01 3.733856831799930442e-01 3.295991907901332230e-01 3.264444198124002994e-01 1.657418500282802631e-01 8.868552859511530384e-02 9.961018485726860772e-02 8.511132415008356268e-04 1.115193525034520201e-04 3.030847903185210357e-04 3.742367964214940446e-01 3.297107101426368092e-01 3.267475046027187857e-01
-7.000000000000000000e+00 5.047430509415792299e-01 4.002429450048411441e-01 3.978907595366611427e-01 3.732090364747661093e-01 3.290955902106659781e-01 3.267041569260957790e-01 1.511715936119844561e-01 8.530715322894785735e-02 8.629644323250358628e-02 1.866873784022767403e-04 3.037006625497766076e-04 4.121502159777200996e-04 3.733957238531683265e-01 3.293992908732156777e-01 3.271163071420731261e-01
-6.500000000000000000e+00 5.019438356918592969e-01 4.056490173505339913e-01 3.961031361016515429e-01 3.732252219186732445e-01 3.291877612887936788e-01 3.281448089273477642e-01 1.512837849315722683e-01 9.146256763239760113e-02 8.311483141194202229e-02 -5.520398917180267142e-06 5.810449941803045573e-04 1.039962098925384989e-03 3.732197015197559198e-01 3.297688062829737254e-01 3.291847710262733595e-01
-6.000000000000000000e+00 5.195048549262731852e-01 4.202981246866482890e-01 4.028672197822849577e-01 3.726122559997258055e-01 3.294886826741473262e-01 3.280828889220337996e-01 1.638756595853717024e-01 1.040504799790138851e-01 8.869455282398105989e-02 2.135623839691582881e-03 1.831002766779319703e-03 1.537452500299645811e-03 3.747478798394169863e-01 3.313196854409264924e-01 3.296203414223334294e-01
-5.500000000000000000e+00 5.186911638850993933e-01 4.009932240222467414e-01 3.955227858881781300e-01 3.726142879832199384e-01 3.294903346285291690e-01 3.271595652265721910e-01 1.643668555679220489e-01 8.724397986329905652e-02 8.409097726588359023e-02 1.176261404966631036e-03 4.760943965421044768e-04 4.349512336445296033e-04 3.737905493881864549e-01 3.299664290250711174e-01 3.275945164602167559e-01
-5.000000000000000000e+00 5.118528890884368465e-01 3.986366944984826577e-01 3.943117175284006626e-01 3.721249162074837247e-01 3.296758043738734489e-01 3.284380263235973096e-01 1.581184087823158668e-01 8.284066373055494481e-02 8.361653558894506511e-02 1.295816005162543768e-03 1.340885955766979009e-03 8.433428198442683918e-04 3.734207322126460449e-01 3.310166903296404839e-01 3.292813691434413603e-01
-4.500000000000000000e+00 5.212144757693689678e-01 4.072608386591514140e-01 4.194658517769677131e-01 3.719080451223932271e-01 3.302477833921823591e-01 3.281780363916794174e-01 1.698724266966680774e-01 9.493145496724285370e-02 1.071560510191486432e-01 1.895798595835565753e-03 1.793590115258621729e-03 1.974509486699855491e-03 3.738038437182290008e-01 3.320413735074409511e-01 3.301525458783793887e-01
-4.000000000000000000e+00 5.177846892419087910e-01 4.204050391967710798e-01 4.191422325543566751e-01 3.718572434110978264e-01 3.318024613507850051e-01 3.291591506169747050e-01 1.675977259500751049e-01 9.758468212575945044e-02 1.018156573653146574e-01 9.616752430342396217e-05 -9.916975332916438794e-05 -3.761045956983027813e-05 3.719534109354012408e-01 3.317032915974556517e-01 3.291215401574050237e-01
-3.500000000000000000e+00 4.948698784261932881e-01 3.966024829804047913e-01 3.922003094392468303e-01 3.727577162728031301e-01 3.302944711664363986e-01 3.276937736102133458e-01 1.417135578906052740e-01 8.203489921480361380e-02 7.992417612948750361e-02 5.362221552739327530e-04 4.069134326526981853e-04 -5.250787932073647436e-05 3.732939384280768991e-01 3.307013845990889878e-01 3.276412657308926946e-01
-3.000000000000000000e+00 5.099201075147158368e-01 4.124956209170723698e-01 4.005306884356524821e-01 3.730529467206128436e-01 3.304853583903787917e-01 3.287146234851827109e-01 1.539660906402428864e-01 9.682800731089780122e-02 8.604748517565224963e-02 7.361629884792078322e-04 5.250930454782159421e-04 2.966563078525487514e-04 3.737891097090919601e-01 3.310104514358571115e-01 3.290112797930354049e-01
-2.500000000000000000e+00 5.139377254667077954e-01 4.075448303448013232e-01 3.932645579872524055e-01 3.742065893432225954e-01 3.303582666088744069e-01 3.298687572132271706e-01 1.548731469699325125e-01 8.924542755930699178e-02 7.868276861260924127e-02 3.478853537624618068e-03 2.718540946683402435e-03 2.591368773851947076e-03 3.776854428808473219e-01 3.330768075555576857e-01 3.324601259870791914e-01
-2.000000000000000000e+00 5.052750663989918900e-01 4.059762277172294098e-01 4.015984491468183593e-01 3.741148794199524175e-01 3.299578100939508651e-01 3.296351273011163818e-01 1.468871120652222584e-01 8.941665852856338359e-02 8.597440421095671470e-02 1.329852091454740122e-03 5.155792348186386594e-04 7.383154441807120898e-04 3.754447315114071704e-01 3.304733893287695179e-01 3.303734427452970634e-01
-1.500000000000000000e+00 5.012209097491284737e-01 4.192969433951216907e-01 4.012036112752381811e-01 3.741972279779327559e-01 3.299652514506590806e-01 3.285391201720331278e-01 1.469211459342785464e-01 9.908828504257907732e-02 8.345267007819470728e-02 1.105565395112336272e-03 1.387839959353661485e-03 4.670599942569967494e-04 3.753027933730449517e-01 3.313530914100126790e-01 3.290061801662903518e-01
-1.000000000000000000e+00 4.940353859368784017e-01 3.907580055696049381e-01 4.017692942330173267e-01 3.744527800298200204e-01 3.290548666189296867e-01 3.285516090155227165e-01 1.380473723018966481e-01 7.749012057276737087e-02 8.754014131226180162e-02 6.836326178556708039e-04 2.047634792051260515e-04 3.682780640044990613e-04 3.751364126476758876e-01 3.292596300981346924e-01 3.289198870795272400e-01
-5.000000000000000000e-01 5.132072184933622605e-01 4.018270126334537728e-01 4.144125202960458609e-01 3.751527911492877343e-01 3.293517079094628874e-01 3.291031603000290073e-01 1.556810385649032846e-01 8.883345225898597874e-02 9.961761704788781036e-02 4.615467753930323496e-04 1.187375521575026748e-04 -2.005934711774038108e-04 3.756143379246808522e-01 3.294704454616204092e-01 3.289025668288515503e-01
0.000000000000000000e+00 5.121578406264047922e-01 3.931706359453624455e-01 3.916440097012148236e-01 3.758221994786145048e-01 3.295951744595163602e-01 3.284554311231096535e-01 1.522896378075196400e-01 7.814776304468815105e-02 7.618582173256809031e-02 1.192891881151281240e-03 4.791619381013231599e-04 7.399122161598547858e-04 3.770150913597657971e-01 3.300743363976176847e-01 3.291953433392694195e-01
5.000000000000000000e-01 4.966179765877545838e-01 3.901395646749520330e-01 3.879286810511972661e-01 3.750873965483856876e-01 3.299897987409631250e-01 3.285742743024817059e-01 1.413820982783077773e-01 7.579933384345668990e-02 7.676992482148778385e-02 1.280764066830658620e-03 2.953645162747607893e-04 1.150175326070101501e-03 3.763681606152162185e-01 3.302851632572378349e-01 3.297244496285515192e-01
1.000000000000000000e+00 5.018784224468684219e-01 4.041392471322371449e-01 4.029355406608247647e-01 3.750854589056065724e-01 3.296831081868146773e-01 3.281870172470193192e-01 1.456515115273354921e-01 8.652704781052344973e-02 9.047801214717621221e-02 3.126893933968200034e-03 1.470430036197627795e-03 2.338526717535395309e-03 3.782123528395747170e-01 3.311535382230123004e-01 3.305255439645549131e-01
1.500000000000000000e+00 5.129513841842165967e-01 4.094365933346640340e-01 4.096638299436577424e-01 3.747483104167361745e-01 3.314363351046375472e-01 3.300372910241634594e-01 1.537876580726518783e-01 9.145493569839657777e-02 9.295304432297409047e-02 2.359658489303193170e-03 9.352960481284931186e-04 1.038784180130455535e-03 3.771079689060396478e-01 3.323716311527659673e-01 3.310760752042937183e-01
2.000000000000000000e+00 4.836468020981189442e-01 3.945168557134340337e-01 3.861308613708100412e-01 3.733301134086360884e-01 3.303987804274743367e-01 3.286892476322375578e-01 1.264562335858815667e-01 7.900691670600126781e-02 7.069581513872652545e-02 1.275941934804771622e-03 7.008650600816811183e-04 1.175370406664818590e-03 3.746060553434409912e-01 3.310996454875561601e-01 3.298646180389021576e-01
2.500000000000000000e+00 4.950960031086164004e-01 3.994363571945876434e-01 3.986622620173000398e-01 3.721835118374968165e-01 3.299912560831531061e-01 3.285519647429342438e-01 1.366130101263774155e-01 8.052254931030732032e-02 8.303515630235235034e-02 2.409719369266564645e-03 1.912857252125980045e-03 1.119325562140995652e-03 3.745932312067632997e-01 3.319041133352792494e-01 3.296712903050753041e-01
3.000000000000000000e+00 4.861274908946841000e-01 3.914748648671499409e-01 3.817989092017097241e-01 3.726282458782810836e-01 3.303148656988933451e-01 3.297789332653626171e-01 1.309675941816615397e-01 7.840471828833799062e-02 6.636229160173824637e-02 1.600361971015720535e-03 5.410874164136733914e-04 3.196937691901254562e-04 3.742286078492965684e-01 3.308559531153071331e-01 3.300986270345528384e-01
3.500000000000000000e+00 4.666228253945259863e-01 3.911693665250058904e-01 3.960971470767900571e-01 3.719370919902394435e-01 3.295651109436143478e-01 3.294776607733926332e-01 1.148648904138292876e-01 7.125609371285177018e-02 7.856922339955890733e-02 1.935870071816485393e-03 1.197138975316900961e-03 1.625227606252485852e-03 3.738729620620561689e-01 3.307622499189313836e-01 3.311028883796449662e-01
4.000000000000000000e+00 4.825829719150078745e-01 3.832314322328519984e-01 3.849384110815215476e-01 3.724351199601264595e-01 3.305873509580599667e-01 3.300170020160236306e-01 1.268178329101235235e-01 6.581772458417889382e-02 6.698790159887857421e-02 2.450229924376114230e-03 1.891113664588871604e-03 2.787170758548017206e-03 3.748853498845025056e-01 3.324784646226489060e-01 3.328041727745718603e-01
4.500000000000000000e+00 4.889934864610718246e-01 3.998473580507114766e-01 3.918470385639130082e-01 3.723100098387573942e-01 3.305820933373276871e-01 3.290558143298129568e-01 1.330761556885023955e-01 8.260668020637595976e-02 7.651166097803109578e-02 9.373230083090519030e-04 1.366807429476329765e-03 5.659515094698833572e-04 3.732473328470665153e-01 3.319489007668040559e-01 3.296217658392828764e-01
5.000000000000000000e+00 4.918980633607669128e-01 3.881717141248723357e-01 3.873020419599049746e-01 3.715800927366115780e-01 3.300441388282114308e-01 3.298624529321548815e-01 1.399422003599231634e-01 7.572378679800689794e-02 7.410612614453200575e-02 -4.418812562095434152e-04 -3.426544662230800154e-04 -2.478324292444944628e-04 3.711382114804018251e-01 3.297014843619883728e-01 3.296146205029102383e-01
5.500000000000000000e+00 4.919080577891517536e-01 3.889363566697159880e-01 3.893417387182359080e-01 3.716967328407177473e-01 3.292634279543310560e-01 3.292240187614347557e-01 1.373889463072994477e-01 7.308436154038559784e-02 7.404266930838605820e-02 5.171696489847154091e-04 9.665642805098082499e-04 2.766596425548689133e-04 3.722139024897025417e-01 3.302299922348411743e-01 3.295006784039898884e-01
6.000000000000000000e+00 5.019062574987328551e-01 3.919462871293104556e-01 3.934897750906025116e-01 3.722137881860388964e-01 3.291839872330882266e-01 3.289178252107228806e-01 1.496771466537666073e-01 7.613307970419574966e-02 7.358903335788936906e-02 1.804454094429479467e-03 2.191840688640641927e-03 1.274475062790000586e-03 3.740182422804684270e-01 3.313758279217288161e-01 3.301923002735127066e-01
6.500000000000000000e+00 5.114164538604852872e-01 4.039979257492646303e-01 3.987286314307883495e-01 3.725704274066320987e-01 3.281144313441404781e-01 3.281316921288217059e-01 1.557166797233604238e-01 9.038778407939987436e-02 8.456946971657179624e-02 1.225728334295979284e-03 7.053622294861389272e-04 -1.297433652821132401e-04 3.737961557409285041e-01 3.288197935736265065e-01 3.280019487635396636e-01
7.000000000000000000e+00 4.987881560707249085e-01 3.964397487245182039e-01 3.938272901422322780e-01 3.733583311897151757e-01 3.285356797671613593e-01 3.281043570720722502e-01 1.420700775496394341e-01 8.183780848590727075e-02 8.029632585010101908e-02 1.332333929084157913e-03 9.282832658984403263e-04 4.935505873514389047e-04 3.746906651187992821e-01 3.294639630330595259e-01 3.285979076594237047e-01
7.500000000000000000e+00 4.758214764949115771e-01 3.771674024817713300e-01 3.716946412276156408e-01 3.746445585851929660e-01 3.291218273127465288e-01 3.275446533649709058e-01 1.159029231173523411e-01 6.101612993763828180e-02 5.597939838445235849e-02 2.033107226904634114e-04 2.193676894377156734e-04 -8.256237036433492545e-04 3.748478693078834412e-01 3.293411950021841728e-01 3.267190296613279310e-01
8.000000000000000000e+00 4.855195412775120123e-01 3.779069128899281704e-01 3.775745028288948757e-01 3.730984110175052937e-01 3.290230691743181168e-01 3.261328104054838084e-01 1.320380851450233539e-01 6.457344270968802535e-02 6.690781301160179939e-02 9.852523596439268817e-04 1.366958155134662860e-03 6.939795952189692233e-04 3.740836633771493780e-01 3.303900273294528844e-01 3.268267900007024718e-01
8.500000000000000000e+00 4.907588577011597897e-01 3.934577587285164602e-01 3.839731761201308768e-01 3.743230858783423987e-01 3.299892583152463366e-01 3.259900573722958605e-01 1.373181519888165281e-01 7.512215136924105252e-02 7.261424174658083486e-02 5.020123234539177609e-04 8.631172887887239966e-04 -1.237414396280954226e-04 3.748250982017961586e-01 3.308523756040351316e-01 3.258663159326677383e-01
9.000000000000000000e+00 4.880143254009215448e-01 3.972466469591586780e-01 3.805374217999644704e-01 3.727550427807124755e-01 3.277281913545346259e-01 3.251221373722404384e-01 1.326304895402896644e-01 8.393385536664769997e-02 6.879942103110266161e-02 1.770082638643259070e-04 -7.312148922012128894e-05 2.656751595158514216e-04 3.729320510445766623e-01 3.276550698653142857e-01 3.253878125317564707e-01
9.500000000000000000e+00 4.746467729453973106e-01 3.784837020913421335e-01 3.798012683904458120e-01 3.718272886488960816e-01 3.284020861383499246e-01 3.265398347738481810e-01 1.189452925646226067e-01 6.357972325439299743e-02 6.722143953921518034e-02 1.535934942947700041e-03 1.385627108873410240e-03 1.187518237094865913e-03 3.733632235918438180e-01 3.297877132472233908e-01 3.277273530109429123e-01
1.000000000000000000e+01 4.866745488803259079e-01 3.754369268557586903e-01 3.838040399574004780e-01 3.723600702185887457e-01 3.276628628544763777e-01 3.252935464249643860e-01 1.328573816966902299e-01 6.433805523897397072e-02 7.276114556822775581e-02 -6.801769147092239474e-04 -5.482405372339051175e-04 -1.561772045399795639e-05 3.716798933038797381e-01 3.271146223172424761e-01 3.252779287045104439e-01
1.050000000000000000e+01 4.863412629956995747e-01 3.708832265871412903e-01 3.688271082544172241e-01 3.730250165703145604e-01 3.272731849032524121e-01 3.257506670237492186e-01 1.287895601888277008e-01 5.749025886844526950e-02 5.694024068309175984e-02 3.042082268276645463e-03 2.756212572581902970e-03 1.716546631124018282e-03 3.760670988385911850e-01 3.300293974758343185e-01 3.274672136548734680e-01
1.100000000000000000e+01 4.671033592867719908e-01 3.828334551969549970e-01 3.725334079124875686e-01 3.723508741835858671e-01 3.264558358434678231e-01 3.256868302182473474e-01 1.155947683567791623e-01 6.984407327021363576e-02 6.114031671639823945e-02 1.635261079336282168e-03 1.196816189645829058e-03 5.057760522106234018e-04 3.739861352629220703e-01 3.276526520331138892e-01 3.261926062704580409e-01
1.150000000000000000e+01 4.670010846144648786e-01 3.868456012151766377e-01 3.791826714583502178e-01 3.723043412454727363e-01 3.272150537687130156e-01 3.257076818830816345e-01 1.127471775071012955e-01 7.397672903596079486e-02 6.713837594905325279e-02 -1.787438769127749715e-05 3.680722992628780916e-04 2.847212528730398365e-05 3.722864668577814395e-01 3.275831260679760715e-01 3.257361540083690832e-01
1.200000000000000000e+01 4.826079106409709163e-01 3.878833666887187559e-01 3.861342068414769790e-01 3.717705131579484013e-01 3.274575459539523226e-01 3.251515582904344615e-01 1.251015734647218103e-01 7.202876577174703587e-02 7.494241447593026628e-02 2.140254544982018569e-03 6.922916317495766319e-04 1.408285107114467692e-03 3.739107677029305798e-01 3.281498375857019312e-01 3.265598433975490100e-01
1.250000000000000000e+01 4.708569452777665032e-01 3.765164172639939855e-01 3.702879010740557919e-01 3.719516429565698501e-01 3.284507365868609696e-01 3.250902584775446913e-01 1.151989152793055221e-01 6.447622315232623413e-02 5.832998460855481904e-02 1.151154075072461855e-03 3.337863266003999693e-04 4.245773390076121138e-04 3.731027970316423414e-01 3.287845229134617187e-01 3.255148358165520506e-01
1.300000000000000000e+01 4.612042071771950691e-01 3.731810440906921933e-01 3.735831230458706576e-01 3.727981550340603856e-01 3.288662843475787523e-01 3.252407336630581680e-01 1.057474815815897945e-01 5.922911996925872558e-02 6.293063598534820446e-02 1.837687100231371988e-03 1.315475525311135280e-03 1.042641305998433156e-03 3.746358421342916301e-01 3.301817598728897796e-01 3.262833749690569052e-01
1.350000000000000000e+01 4.600973519707952097e-01 3.764495246892501368e-01 3.734042361971154911e-01 3.722690781288123807e-01 3.279485682248418632e-01 3.258690398401918875e-01 1.069926217425354320e-01 6.200598513745201462e-02 6.148467491439341126e-02 1.612241253945603629e-03 3.881648554384652138e-04 5.187874808427464166e-04 3.738813193827577042e-01 3.283367330802802742e-01 3.263878273210346626e-01
1.400000000000000000e+01 4.720447234333161046e-01 3.788530163295693032e-01 3.927394349305043386e-01 3.736332521817273267e-01 3.288763125252006092e-01 3.267107628339759873e-01 1.132805892689698057e-01 6.294800057144002425e-02 7.857822559902157000e-02 1.889041590268684999e-03 8.199299725738431327e-04 2.007860043689607850e-04 3.755222937719958631e-01 3.296962424977743500e-01 3.269115488383451118e-01
1.450000000000000000e+01 4.754717496951129108e-01 3.797566286187158968e-01 3.857060513998570861e-01 3.742112421224329522e-01 3.274308304440675665e-01 3.254908500264164228e-01 1.146853880947133197e-01 6.616752694833891169e-02 7.203507410671673716e-02 3.467327853556455199e-03 1.277141114442452126e-03 1.963073695146168567e-03 3.776785699759896420e-01 3.287079715585097817e-01 3.274539237215627896e-01
1.500000000000000000e+01 4.599635027310324253e-01 3.756906601552961189e-01 3.777249418935890724e-01 3.741803825121152727e-01 3.281092008931302262e-01 3.263087003812536468e-01 9.987958908489953658e-02 6.196545246788742051e-02 6.069593138189727927e-02 2.082823723367366580e-03 1.351363238615410373e-03 1.299096186455541780e-03 3.762632062354828166e-01 3.294605641317455702e-01 3.276077965677092196e-01
1.550000000000000000e+01 4.434557545601437445e-01 3.586511718617614863e-01 3.540450389696825906e-01 3.736665211806759479e-01 3.285122847400759882e-01 3.263165071205959000e-01 8.923169411402148699e-02 4.638860603128183713e-02 4.151328013852619014e-02 3.583193149679064207e-04 1.456551706688373774e-03 6.340982321514207400e-04 3.740248404956439954e-01 3.299688364467644464e-01 3.269506053527473921e-01
1.600000000000000000e+01 4.614680737734636606e-01 3.746625159366765434e-01 3.777035518862953967e-01 3.732631744532411422e-01 3.282204462287571789e-01 3.260790257213432852e-01 1.089489921485647245e-01 6.054915492798829124e-02 6.668180361980652338e-02 -4.787623951100249196e-04 -3.399046420842712535e-04 -2.609006267386551679e-04 3.727844120581310650e-01 3.278805415866730133e-01 3.258181250946047824e-01
1.650000000000000000e+01 4.527056411628020416e-01 3.662386079119636095e-01 3.728536713824997517e-01 3.732507913396143628e-01 3.279244681112997162e-01 3.265472556241260094e-01 9.478198455643971343e-02 5.070964820716854921e-02 5.764526233708017894e-02 1.738179950813877517e-04 3.655899496505845550e-04 4.476530863482002420e-04 3.734246093346961781e-01 3.282900580609502406e-01 3.269949087104743746e-01
1.700000000000000000e+01 4.527805595931124194e-01 3.625801315416508630e-01 3.664419215438864397e-01 3.736855812191069992e-01 3.268465391858796920e-01 3.265087126255833416e-01 9.197418686363247053e-02 4.818697647683690272e-02 4.982155672908520488e-02 2.544228622219765236e-03 1.202546368096187946e-03 2.819081374133895930e-03 3.762298098413269232e-01 3.280490855539758832e-01 3.293277939997171777e-01
1.750000000000000000e+01 4.512083287028512690e-01 3.585340350466379444e-01 3.527364454723329601e-01 3.729486869865109577e-01 3.254681311331866223e-01 3.256952422302840100e-01 9.338552799776583813e-02 4.756780076477054586e-02 3.970156876369954763e-02 2.033859953136391268e-03 1.271240250200209813e-03 1.470486333774097135e-03 3.749825469396474431e-01 3.267393713833868785e-01 3.271657285640580115e-01
1.800000000000000000e+01 4.551728282881653542e-01 3.721675198832065101e-01 3.624732658986195011e-01 3.736224059688345034e-01 3.251880807076113489e-01 3.261507349314490822e-01 9.889930210224866236e-02 6.159721856396826317e-02 5.088414377275226469e-02 6.996583600206504735e-04 5.639997717820222209e-04 -3.115820394612826838e-04 3.743220643288553418e-01 3.257520804793933022e-01 3.258391528919877822e-01
1.850000000000000000e+01 4.561894340508754753e-01 3.593842851923065851e-01 3.604526343293571466e-01 3.735348668638542868e-01 3.255971847169339961e-01 3.257475567632251989e-01 1.027385072385885306e-01 4.440283849390393861e-02 5.031941693657935449e-02 7.834279584726285819e-04 5.167047328667305093e-04 5.625084088710060378e-04 3.743182948223269246e-01 3.261138894498006313e-01 3.263100651720959866e-01
1.900000000000000000e+01 4.643318022906273157e-01 3.678464577755786724e-01 3.707653924539732193e-01 3.726684080608777538e-01 3.251486997703353365e-01 3.249669196987032826e-01 1.059906559154168010e-01 5.526340389571118838e-02 5.659497465828930429e-02 1.708241733856769723e-03 9.173428782722549716e-04 8.094853618084911322e-04 3.743766497947346172e-01 3.260660426486076680e-01 3.257764050605118644e-01
1.950000000000000000e+01 4.617542425995969091e-01 3.696733534909112384e-01 3.770049287329714782e-01 3.713237663178224901e-01 3.245625704875676476e-01 3.252482439125392033e-01 1.037422390735654176e-01 5.843882231039403824e-02 6.195070000413781947e-02 2.007990978473586739e-03 1.014534512908639701e-03 1.171929666129413287e-03 3.733317572962963071e-01 3.255771050004763745e-01 3.264201735786686487e-01
2.000000000000000000e+01 4.516641681902127670e-01 3.590150132045570319e-01 3.559443401256501271e-01 3.710127060806468480e-01 3.244132196843019234e-01 3.255979779680520103e-01 9.464890707175126205e-02 4.776760959056774308e-02 4.202224933952458663e-02 3.879699848831810846e-04 1.900540916302558665e-04 1.132150626268222862e-04 3.714006760655299000e-01 3.246032737759323439e-01 3.257111930306788583e-01
2.050000000000000000e+01 4.541326595336412919e-01 3.626831070190426054e-01 3.605427100784148742e-01 3.712410257990136353e-01 3.240585363945540642e-01 3.244948424944738008e-01 9.731974640240588503e-02 5.010343118252152256e-02 4.863081261502118918e-02 1.002774087772419220e-03 6.809735863731843563e-04 2.547776013755217311e-04 3.722437998867859643e-01 3.247395099809268770e-01 3.247496200958494006e-01
2.100000000000000000e+01 4.379299017677577011e-01 3.621621113474474685e-01 3.690141187990176874e-01 3.714806314499370377e-01 3.244058541653998540e-01 3.245331808421498820e-01 8.404073332109907035e-02 4.845097156459727411e-02 5.738009093385301740e-02 4.434732845854539446e-04 -1.355292825499966201e-04 -5.219252022819773160e-04 3.719241047345228091e-01 3.242703248828499030e-01 3.240112556398678234e-01
2.150000000000000000e+01 4.280006141667513364e-01 3.554711939769785722e-01 3.581755914287847453e-01 3.715221429920552709e-01 3.237631353090036357e-01 3.242539682264832801e-01 7.009297629568600474e-02 4.389392298307876611e-02 4.419135248335603200e-02 5.605846096217618557e-04 1.263535422277068006e-04 2.262864996532296132e-05 3.720827276016771545e-01 3.238894888512314219e-01 3.242765968764487194e-01
2.200000000000000000e+01 4.393927811038309539e-01 3.554060606423028457e-01 3.477699212289628861e-01 3.713463830894263018e-01 3.241941631411642266e-01 3.241422798717234488e-01 8.149838596509487165e-02 4.253973521990404155e-02 3.489073422944306835e-02 6.749816606502126578e-04 7.013106446641263270e-05 4.805124381863565535e-04 3.720213647500764109e-01 3.242642942056302435e-01 3.246227923099097579e-01
2.250000000000000000e+01 4.502428938082426169e-01 3.579051462743321199e-01 3.661730103978906303e-01 3.709739191487642085e-01 3.235125704079883646e-01 3.244476389467283450e-01 9.449156811961098579e-02 4.827119391020095324e-02 5.455412846954174610e-02 1.694930640683085452e-03 1.310189049080628682e-03 8.907561224858463701e-04 3.726688497894471430e-01 3.248227594570689547e-01 3.253383950692140814e-01
2.300000000000000000e+01 4.521749193361584429e-01 3.516404263288153142e-01 3.571136436041739692e-01 3.710949244717210993e-01 3.234211659982482168e-01 3.238433742596111831e-01 9.486303675384606671e-02 4.108684502431471375e-02 4.630594947740396955e-02 2.364917594528133556e-03 1.211891137420663704e-03 8.881155442645757674e-04 3.734598420662489926e-01 3.246330571356686456e-01 3.247314898038757280e-01
2.350000000000000000e+01 4.312073340272404298e-01 3.541731662210375609e-01 3.545556120818889601e-01 3.707405283467917756e-01 3.221471997854440938e-01 3.236739358025816360e-01 7.568252246761290880e-02 4.301401248914032971e-02 4.125448313930390326e-02 2.209155152498880250e-03 1.151494089719715683e-03 1.138120933382294258e-03 3.729496834992909182e-01 3.232986938751637451e-01 3.248120567359637501e-01
2.400000000000000000e+01 4.418925418287860118e-01 3.528659124095723243e-01 3.500539639730746999e-01 3.707815125467592843e-01 3.227519246909708595e-01 3.238713552744812429e-01 8.557978848991941445e-02 4.201325518514427426e-02 3.689539277893302827e-02 5.305365945967901163e-05 4.802786279983550853e-04 6.764802878968045148e-05 3.708345662062189629e-01 3.232322033189689581e-01 3.239390033032706895e-01
2.450000000000000000e+01 4.560767665978394114e-01 3.699557743744726346e-01 3.581832050439708315e-01 3.706934597584166102e-01 3.233776339014096113e-01 3.236354304696630879e-01 9.935925878362425467e-02 5.810130408472544833e-02 4.664420776204272756e-02 6.407979898308221762e-06 6.497516909155130142e-04 1.769830454698011245e-04 3.706998677383150365e-01 3.240273855923250790e-01 3.238124135151329575e-01
2.500000000000000000e+01 4.441897254399558848e-01 3.478197410742713269e-01 3.496082357889125358e-01 3.713589322759667244e-01 3.221078248146484468e-01 3.222982435707135163e-01 8.818823500732517195e-02 4.038474973516610611e-02 4.003070747312671707e-02 -3.475567696286607734e-04 2.949553993879241854e-05 -6.973631426941079379e-04 3.710113755063382257e-01 3.221373203545870867e-01 3.216008804280196531e-01
2.550000000000000000e+01 4.216648625047511589e-01 3.507246473776317042e-01 3.455529730865465332e-01 3.716010704173091650e-01 3.220753872556073594e-01 3.223870568052706331e-01 6.781951483933976177e-02 4.491398953569052804e-02 3.737809208618479706e-02 -7.471624386665529517e-04 -6.838641464747590359e-04 -4.565604469683104600e-04 3.708539079786422055e-01 3.213915231091324931e-01 3.219304963583024537e-01
2.600000000000000000e+01 4.235952417420553728e-01 3.509050005104339398e-01 3.512193244492275435e-01 3.709667851564684704e-01 3.216717459976134452e-01 3.214106334312183955e-01 7.059291485744374761e-02 3.848326514154183642e-02 4.248943588750480477e-02 3.378452738191434408e-05 2.536875826063065675e-04 1.872665175469065142e-04 3.710005696838504785e-01 3.219254335802197997e-01 3.215978999487652534e-01
2.650000000000000000e+01 4.358579435892712683e-01 3.530140733183688706e-01 3.585229770411400563e-01 3.702261575981454778e-01 3.216741199643236571e-01 3.196027977625918171e-01 8.012856444177651749e-02 4.318299231938851901e-02 4.950428157891405279e-02 1.464605835142192064e-04 6.073118586260808525e-04 -5.745504193735124045e-05 3.703726181816595076e-01 3.222814318229496044e-01 3.195453427206543795e-01
2.700000000000000000e+01 4.261511457076041509e-01 3.437025956822885031e-01 3.393064628864678745e-01 3.692744167200492367e-01 3.210241956579545919e-01 3.193052464719277062e-01 7.057867715839138967e-02 3.472657630804955320e-02 3.072154433469997253e-02 5.953419552470359767e-04 5.587613059719651705e-04 4.535570481488717656e-04 3.698697586752963673e-01 3.215829569639267471e-01 3.197588035200765177e-01
2.750000000000000000e+01 4.336682164441880705e-01 3.526179573058031980e-01 3.485618563615901500e-01 3.686828470912773548e-01 3.209702171257660108e-01 3.184447742063111209e-01 7.760937740300867527e-02 4.223494846888158766e-02 4.092004413590949463e-02 1.984830811575682020e-03 1.689636511099009905e-03 1.362822524464189604e-03 3.706676779028530433e-01 3.226598536368651127e-01 3.198075967307753009e-01
2.800000000000000000e+01 4.104737965680342882e-01 3.373847466227298253e-01 3.315397487548267241e-01 3.680395586412988362e-01 3.202989192909336258e-01 3.182534349431234144e-01 5.543095713573639033e-02 2.756812207061623901e-02 2.571737248420580269e-02 2.861479894656176071e-03 1.465653540150692324e-03 2.255105425098815394e-03 3.709010385359550743e-01 3.217645728310842279e-01 3.205085403682224054e-01
2.850000000000000000e+01 4.228639333080718155e-01 3.566696041317542476e-01 3.415173112284631829e-01 3.681229518515405918e-01 3.209362055632787869e-01 3.175113288825536784e-01 7.080610435777000278e-02 4.504126663145819470e-02 3.564054838910707401e-02 1.720171090520934438e-03 6.930581599434019243e-04 4.716281815069656310e-04 3.698431229420613420e-01 3.216292637232220364e-01 3.179829570640605452e-01
2.900000000000000000e+01 4.205452124323800223e-01 3.513065492644404930e-01 3.455156688434087298e-01 3.679794912975445365e-01 3.199938952827023342e-01 3.170626538722398635e-01 6.633362810470433413e-02 4.343608157600462039e-02 3.901164405643750555e-02 7.574367026621007084e-04 2.909478752101198225e-04 -9.526399355130438264e-06 3.687369280002066319e-01 3.202848431579124466e-01 3.170531274728847215e-01
2.950000000000000000e+01 4.262791243364890126e-01 3.498866753075886016e-01 3.465458603950808403e-01 3.679225638875709969e-01 3.193783029614223334e-01 3.167869964014997097e-01 7.148219923693691080e-02 4.369947876231922157e-02 4.011008168128238349e-02 1.571498555229428572e-03 6.670702836763156953e-04 9.419495215463431987e-04 3.694940624428003084e-01 3.200453732450987410e-01 3.177289459230458468e-01
3.000000000000000000e+01 4.144427890385520841e-01 3.391377633899871902e-01 3.444836478090040899e-01 3.670141974482056257e-01 3.211225210636746152e-01 3.170394303632547151e-01 6.006954803182924102e-02 2.912548967673544292e-02 3.898621522721063687e-02 8.152228958036857823e-04 -1.061247739432231101e-04 -2.659771255465384751e-04 3.678294203440093391e-01 3.210163962897315537e-01 3.167734532377082801e-01
3.050000000000000000e+01 4.190191090528096463e-01 3.407880664164171236e-01 3.466037430565753197e-01 3.661679151411841304e-01 3.208786476244626651e-01 3.180516320385819995e-01 6.670638819404497988e-02 3.063797017479517534e-02 3.962594629496125204e-02 -3.765035815216367628e-04 -4.230231018562200917e-04 -5.542006626321926326e-04 3.657914115596624938e-01 3.204556245226062305e-01 3.174974313759501010e-01
3.100000000000000000e+01 4.176229712076562350e-01 3.453697769968101516e-01 3.390115334647869072e-01 3.654372518147745441e-01 3.198926571710064004e-01 3.179914592079450264e-01 6.890901864212986561e-02 3.407368540207516422e-02 3.250804555460897610e-02 -7.702500425928892778e-04 -3.841915862681544473e-04 -1.678789210418786104e-04 3.646670017721813650e-01 3.195084655847381661e-01 3.178235802869030513e-01
3.150000000000000000e+01 4.106367767497621224e-01 3.487718151416274170e-01 3.423667711478901587e-01 3.644345309989185377e-01 3.186595251175125543e-01 3.188120575062718398e-01 6.074833647107368700e-02 4.189250760338424084e-02 3.393583097708599561e-02 -8.022501191983734056e-04 -1.829151966593024151e-04 -2.452372669178308658e-04 3.636322808797202710e-01 3.184766099208534706e-01 3.185668202393542314e-01
3.200000000000000000e+01 4.161849363610768404e-01 3.465354070690501720e-01 3.327915528587014893e-01 3.643245374365917111e-01 3.180989301627556443e-01 3.185108872526540846e-01 6.677752208938035616e-02 4.214932583816190237e-02 2.596993183411546932e-02 -9.835616799753804564e-04 -6.332839599927373234e-04 -6.104820854283863436e-04 3.633409757566160581e-01 3.174656462027630188e-01 3.179004051672256748e-01
3.250000000000000000e+01 4.175159865298970208e-01 3.386815692431155989e-01 3.318503351356921760e-01 3.645954164546089116e-01 3.179721580242807488e-01 3.192317745125647921e-01 6.444579488904851605e-02 3.011078122027112045e-02 2.256657335345909482e-02 2.403236049410411093e-03 1.162170480051184481e-03 2.823142662818275798e-03 3.669986525040191405e-01 3.191343285043320432e-01 3.220549171753830375e-01
3.300000000000000000e+01 4.114636204412319698e-01 3.344789427134745585e-01 3.257170056081860054e-01 3.639581834301542917e-01 3.178720786000263088e-01 3.189836350691909739e-01 6.183892343220562249e-02 2.904293007957189920e-02 1.694110728811448058e-02 1.168186243115149200e-03 5.772927076206652713e-04 1.106276118399041443e-03 3.651263696732690023e-01 3.184493713076471666e-01 3.200899111875901704e-01
3.350000000000000000e+01 4.170343649645090744e-01 3.412043612194293196e-01 3.438558342434177018e-01 3.639827299694428087e-01 3.170077443665310080e-01 3.186233290035358490e-01 6.968148948264558940e-02 3.410037696797844214e-02 3.446651674489172729e-02 3.616818608063684416e-04 4.282747570434120347e-04 5.808589807568092763e-04 3.643444118302492929e-01 3.174360191235743867e-01 3.192041879842924534e-01
3.400000000000000000e+01 4.123196221256897886e-01 3.463279958806206871e-01 3.453854237963624452e-01 3.638726320253058422e-01 3.171335839062353057e-01 3.182823022879209263e-01 6.142054475396017954e-02 4.021253572131500142e-02 3.668858041289452254e-02 1.002842406245324156e-03 8.493966581519013428e-04 6.981391084352719023e-04 3.648754744315509946e-01 3.179829805643872298e-01 3.189804413963562291e-01
3.450000000000000000e+01 4.103347415191955783e-01 3.431711804941898203e-01 3.431772339583514797e-01 3.645850218521196617e-01 3.174581476041539174e-01 3.175202958894804972e-01 5.795947660530642587e-02 3.687035828922095165e-02 3.599928345425084525e-02 1.314340818096918764e-03 8.843241735462283037e-04 4.874794376961315355e-04 3.658993626702167212e-01 3.183424717776999757e-01 3.180077753271767227e-01
3.500000000000000000e+01 4.158015785411969811e-01 3.427685353831739223e-01 3.356788450296672721e-01 3.641013696919341291e-01 3.154797638817848360e-01 3.167118104382691257e-01 6.344179480222147949e-02 3.726972427743735494e-02 2.993002655257210112e-02 1.684624805789653552e-03 1.130915853770637653e-03 1.027352457062806045e-03 3.657859944977239208e-01 3.166106797355551228e-01 3.177391628953317171e-01
3.550000000000000000e+01 4.148739342296067778e-01 3.329909665485215053e-01 3.371170863860282751e-01 3.638901550324660228e-01 3.149984319379042774e-01 3.153877003404144119e-01 6.450439057968380963e-02 2.978005222300997637e-02 3.330759076035131466e-02 8.602570610175569064e-04 -1.141578780718143399e-05 5.148593154014743586e-04 3.647504120934835781e-01 3.149870161500974430e-01 3.159025596558160953e-01
3.600000000000000000e+01 3.943438280814668961e-01 3.275190380233156673e-01 3.235118501971261940e-01 3.640726160447044224e-01 3.156085957113833329e-01 3.155303181335273321e-01 4.613705032416904467e-02 2.100918176128523107e-02 1.980842596497451452e-02 1.350668940331008552e-03 5.705276416739342915e-04 1.683563620776950360e-03 3.654232849850354015e-01 3.161791233530573675e-01 3.172138817543041500e-01
3.650000000000000000e+01 4.000230556618101785e-01 3.233287215704028217e-01 3.320790333132977445e-01 3.640917020317041009e-01 3.157743282265429441e-01 3.150321341055096758e-01 4.902339447249170340e-02 1.991672268167115137e-02 2.686176074650365592e-02 9.548033393900775103e-04 -3.557738507632963293e-04 5.625013123185542384e-04 3.650465053710941210e-01 3.154185543757797583e-01 3.155946354178284508e-01
3.700000000000000000e+01 4.097973988628740294e-01 3.304533743143778235e-01 3.389802582701737510e-01 3.638444132888186688e-01 3.163157178472161823e-01 3.149516800696422480e-01 5.736365927505165940e-02 2.570080181020939492e-02 3.397233183590114142e-02 1.464141427845168332e-03 3.945285895082196927e-04 3.091020033813514692e-04 3.653085547166640135e-01 3.167102464367245185e-01 3.152607820730234933e-01
3.750000000000000000e+01 4.125387780699006912e-01 3.389870178039752213e-01 3.351617315104420403e-01 3.628029480814802255e-01 3.144281851451607435e-01 3.126737452117256955e-01 6.339343090067915687e-02 3.617184917234644165e-02 3.387766853810382506e-02 1.339851715419178952e-03 1.476678708929126055e-03 1.531532145923735714e-03 3.641427997968994523e-01 3.159048638540900567e-01 3.142052773576489710e-01
3.800000000000000000e+01 4.347392511560787542e-01 3.454357521829677924e-01 3.463475357557287415e-01 3.651014134164465852e-01 3.163549644530099791e-01 3.146508630228389003e-01 9.114048868799509706e-02 4.980514880077641787e-02 5.026527828474824933e-02 8.043400894835565917e-04 2.893435191423685362e-04 -7.281743994140808275e-05 3.659057535059302979e-01 3.166443079721519283e-01 3.145780455828975364e-01
3.850000000000000000e+01 4.431972129259441617e-01 3.634562412338708803e-01 3.630509828129539485e-01 3.887512766991418900e-01 3.408000480925287290e-01 3.395407540892205200e-01 5.949637020794607684e-02 3.189156523159242945e-02 3.038150402118825616e-02 6.951937592153243804e-04 6.464350381598310893e-04 3.986828447999785910e-04 3.894464704583573966e-01 3.414464831306884829e-01 3.399394369340204558e-01
3.900000000000000000e+01 4.420245329613695651e-01 3.686175705478225706e-01 3.706974367376428825e-01 3.974055959340828670e-01 3.504104384107578074e-01 3.491637559146240077e-01 3.845404405586320962e-02 1.502502248577202229e-02 1.820642374195999974e-02 1.637819768941891274e-03 9.342440673069228206e-04 1.383228174900108520e-03 3.990434157030248730e-01 3.513446824780648292e-01 3.505469840895243938e-01
3.950000000000000000e+01 3.006801000355935338e-01 3.019196800577771955e-01 2.920838062507950528e-01 3.385807694200186346e-01 2.997461441995896148e-01 2.986182831227816026e-01 1.033922027999641981e-02 9.559047132409558348e-03 7.840936771255203538e-03 -3.092475967388538761e-04 -1.151235817063720384e-04 -2.022320103637658870e-04 3.382715218232799637e-01 2.996310206178831592e-01 2.984160511124178683e-01
4.000000000000000000e+01 3.539704905053810968e-01 2.741371831863901876e-01 2.696387619388520562e-01 2.947833097550925929e-01 2.619400762472879340e-01 2.616725572485529283e-01 4.898580506224325948e-04 -6.583807155734785858e-05 1.637398026691537305e-04 -4.425873097666105247e-05 8.231035284875842036e-05 -1.515412156896009908e-04 2.947390510241156281e-01 2.620223866001366586e-01 2.615210160328629296e-01
4.250000000000000000e+01 3.975804208338560852e-01 3.435114551709021469e-01 3.540698124313316764e-01 3.412212946244236322e-01 3.105635375473694282e-01 3.118075864545656883e-01 -2.812858077407489493e-05 -3.686262237343733478e-06 -2.674041396802894532e-05 1.214114761912388945e-03 1.623586910307370332e-04 6.058070241894304968e-04 3.424354093863360426e-01 3.107258962384000789e-01 3.124133934787549083e-01
4.500000000000000000e+01 4.052164668763115207e-01 3.531828482762617849e-01 3.565712421753545747e-01 3.392871784440195104e-01 3.136002099820607292e-01 3.153285530606295128e-01 -1.249945433575892413e-05 8.214332236096421897e-06 -6.653159429580337206e-06 4.194025023524388697e-04 -1.994202032721221281e-04 5.864271320134234553e-04 3.397065809463720720e-01 3.134007897787887131e-01 3.159149801926427470e-01
4.750000000000000000e+01 3.947774498031312862e-01 3.572099873343908549e-01 3.545167854839176846e-01 3.364532425783661740e-01 3.135980181267736255e-01 3.136580511696347995e-01 6.300873494424880073e-05 4.303651028472967736e-06 4.552064534869115070e-05 -2.170903233472399035e-04 7.555991453666944309e-05 -5.111727277558376258e-05 3.362361522550186832e-01 3.136735780413102970e-01 3.136069338968592302e-01
5.000000000000000000e+01 3.880842091175860098e-01 3.521190230048231729e-01 3.478499665653909112e-01 3.362005080565400039e-01 3.154517314733165101e-01 3.138066890062305436e-01 -1.791721328029495387e-06 8.507422329263788149e-07 1.311017138658785741e-05 3.061936492933653442e-04 3.257749283245631237e-05 1.728337282769448031e-04 3.365067017058334109e-01 3.154843089661490407e-01 3.139795227345077433e-01
5.250000000000000000e+01 3.854430056922963366e-01 3.509256804258865658e-01 3.427421425816163381e-01 3.323656584607685982e-01 3.157809656230409767e-01 3.145538521703784007e-01 -4.657578805315506067e-05 -3.870701550096638968e-05 -1.189073722465377207e-05 1.243136916289419710e-03 7.505125930290269809e-04 5.044591635216178665e-04 3.336087953770580095e-01 3.165314782160700280e-01 3.150583113338999985e-01
5.500000000000000000e+01 3.893643879649723583e-01 3.582693375014820436e-01 3.490528955247549914e-01 3.329361419601776229e-01 3.141305517128999414e-01 3.143072384317197598e-01 3.294804344197980095e-05 1.682949722052313438e-05 -5.785088729420763595e-06 1.459323174095891783e-03 1.011589246435104549e-03 8.030976789646288895e-04 3.343954651342736506e-01 3.151421409593350709e-01 3.151103361106843970e-01
5.750000000000000000e+01 3.808842110264386571e-01 3.509619086352604445e-01 3.518092365782401476e-01 3.343615324857533988e-01 3.139211657458551019e-01 3.136730381856571159e-01 1.114271136435827870e-04 5.186578446759494698e-05 1.867326952857818300e-05 -1.196251447118595277e-04 -8.643989487569664636e-05 -9.250961806604912402e-05 3.342419073410415886e-01 3.138347258509793236e-01 3.135805285675911658e-01
6.000000000000000000e+01 4.018249394995609958e-01 3.579363154166106953e-01 3.535875306065416335e-01 3.323090831567817038e-01 3.150521307333620791e-01 3.130812112873758157e-01 -3.515873834142885387e-05 -2.330516153031291014e-05 -1.182353976193901065e-05 -3.881471151204182800e-04 -5.750388980076377254e-05 2.585646735138770209e-04 3.319209360416613963e-01 3.149946268435611096e-01 3.133397759608899102e-01
6.250000000000000000e+01 3.785396783728912085e-01 3.415255564539739219e-01 3.397049809066435833e-01 3.319195436956853262e-01 3.135791732769087070e-01 3.124195638499422945e-01 -6.957645533713882917e-05 -2.854566808058713398e-05 -5.183255273695920422e-05 6.439032136614477242e-04 3.370215795943952756e-04 4.365506396878250216e-04 3.325634469093465828e-01 3.139161948565030169e-01 3.128561144896300772e-01
6.500000000000000000e+01 3.832806713254804376e-01 3.478600561557406712e-01 3.457790291049472886e-01 3.315313166673999334e-01 3.121021484343468599e-01 3.102601590395215325e-01 -3.067833546708430758e-05 -1.570642041035781743e-05 -1.034591449003491995e-05 4.490297826687948864e-04 1.223055345314597465e-03 3.944912888635603108e-04 3.319803464500687418e-01 3.133252037796616096e-01 3.106546503283852956e-01
6.750000000000000000e+01 3.817877548202868176e-01 3.433935338902610046e-01 3.460101741241282669e-01 3.328778756862096344e-01 3.128393577212257859e-01 3.122914899901794161e-01 1.018114310933546763e-04 5.853207314178488673e-05 1.562314889013370872e-04 3.961349635265754465e-04 3.991453805413099987e-04 2.562135838828010306e-04 3.332740106497361077e-01 3.132385031017670962e-01 3.125477035740620302e-01
7.000000000000000000e+01 3.783128153993621234e-01 3.468659562865203383e-01 3.522401738725855491e-01 3.348111781301292833e-01 3.136333893646822135e-01 3.152097821463354932e-01 -3.697367312714638866e-05 -1.932046477807330208e-05 -1.427775787655396801e-05 -2.973594002908898143e-04 -5.336726876831740187e-05 4.845046672846446624e-04 3.345138187298382082e-01 3.135800220959138462e-01 3.156942868136202174e-01
7.250000000000000000e+01 4.046016798287311866e-01 3.590511195380344245e-01 3.539046026536959988e-01 3.348540182413804467e-01 3.147799972457904771e-01 3.136534726136524509e-01 -3.245956251934675171e-05 -1.585060607592081675e-05 -1.035910305496274179e-05 -5.869976620386659548e-06 2.209790348766478747e-04 9.916787323804331154e-05 3.348481482647601148e-01 3.150009762806670888e-01 3.137526404868905550e-01
7.500000000000000000e+01 3.862818479615527933e-01 3.429662618985779288e-01 3.492730537714495154e-01 3.333686386743928698e-01 3.148517096920437353e-01 3.143848333552871077e-01 -3.391848177504022753e-05 -2.493451728376401270e-05 -1.478603240137852175e-05 4.039945951137531121e-04 4.331886883396860724e-04 5.740254416196838901e-04 3.337726332695067910e-01 3.152848983803834826e-01 3.149588587969066600e-01
7.750000000000000000e+01 3.686873043480120571e-01 3.370153488002907705e-01 3.352439538412347875e-01 3.320007289680025342e-01 3.144073519288367313e-01 3.155580961359766290e-01 -3.150115481427458164e-05 -2.158847956215236962e-05 -2.917351596983847970e-05 -1.976016810942472389e-04 2.376140990687795323e-05 3.819403973973705909e-04 3.318031272869083059e-01 3.144311133387437951e-01 3.159400365333738248e-01
8.000000000000000000e+01 3.808820982090785900e-01 3.517402228061817238e-01 3.499311645325990372e-01 3.314010615130446036e-01 3.127720462155066938e-01 3.140178463084684624e-01 3.657521563256694815e-04 1.278360507752564093e-04 2.795441303802264233e-04 3.000364865335390955e-04 8.710575401894438000e-04 2.958280412993665831e-04 3.317010979995781428e-01 3.136431037556962065e-01 3.143136743497679797e-01
8.250000000000000000e+01 3.862512758826489589e-01 3.479115466858139216e-01 3.527998211874674994e-01 3.297824730127109638e-01 3.101149382662335419e-01 3.116506203924813145e-01 -5.427094342404156633e-05 -3.848514364523438760e-05 1.177953328072610296e-06 3.220622700107977042e-04 -2.386859259284139208e-04 9.899489349033372982e-04 3.301045352827217672e-01 3.098762523403050806e-01 3.126405693273845987e-01
8.500000000000000000e+01 3.907775437973208255e-01 3.520812906909102091e-01 3.534859150679022233e-01 3.292650513863344397e-01 3.095275430727593147e-01 3.111261700791512763e-01 2.036576541603077556e-04 1.186403669714076775e-04 1.050887777410447645e-04 -2.024876109906463160e-04 -4.254180245115516952e-04 -1.131328875747599053e-05 3.290625637753436528e-01 3.091021250482477445e-01 3.111148567903938567e-01
8.750000000000000000e+01 3.920513133048827425e-01 3.483053208591805339e-01 3.472082594551977874e-01 3.296651403746946873e-01 3.099597923303340496e-01 3.117384287991167291e-01 -2.972229166853115559e-05 -2.364687833920422219e-05 -2.459573668635009326e-05 1.020175333868184302e-03 1.077936832878878320e-03 3.100008596043493441e-04 3.306853157085630213e-01 3.110377291632130392e-01 3.120484296587210382e-01
9.000000000000000000e+01 3.882095896722685957e-01 3.435124920911324375e-01 3.505128729115197239e-01 3.274637265721117019e-01 3.082532437610071563e-01 3.109671827046051051e-01 4.682157475770880283e-06 1.170666454083072903e-04 1.258419288228647208e-04 2.069345060474623785e-04 1.429082616789339956e-04 5.791099910295134049e-04 3.276706610781590645e-01 3.083961520226859432e-01 3.115462926956344414e-01
9.250000000000000000e+01 3.771342484304939235e-01 3.472485907469317623e-01 3.438763802948323067e-01 3.250925281367376685e-01 3.054825602710229404e-01 3.071410950412625795e-01 -4.354339095783744013e-05 -3.765874673849109434e-05 -6.249051411075340245e-06 1.034299051562865765e-03 1.160217475349189327e-03 3.979969774383880564e-04 3.261268271883006054e-01 3.066427777463723303e-01 3.075390920187007215e-01
9.500000000000000000e+01 3.791842087362345959e-01 3.431090812435011461e-01 3.432635653320538771e-01 3.176157838314524473e-01 3.001982121727254094e-01 2.999130267312263842e-01 -6.112164613414907195e-06 -4.438713250243132288e-06 -1.295856867463282550e-05 -3.293556239843657306e-04 -1.137796393391066088e-04 -5.098510048177474054e-04 3.172864282074681630e-01 3.000844325333864027e-01 2.994031757264086768e-01
9.750000000000000000e+01 3.568934632642651317e-01 3.173947855291231468e-01 3.292498346438560430e-01 3.037075321420452667e-01 2.891460797509306513e-01 2.891685736310899424e-01 -3.324285469016757487e-06 -3.943574581321914702e-06 -3.169269559600138610e-06 -6.675071155675171624e-04 -8.094193974321107913e-04 2.515707057663478215e-04 3.030400250264777551e-01 2.883366603534988637e-01 2.894201443368565330e-01
