#x_pos #P_tot_x #P_tot_y #P_tot_z #P_v2_x #P_v2_y #P_v2_z #P_obs_par_x #P_obs_par_y #P_obs_par_z #P_par_par_x #P_par_par_y #P_par_par_z #P_par_v2_x #P_par_v2_y #P_par_v2_z 
-9.750000000000000000e+01 4.540543801641386268e-03 4.405345133000005721e-03 4.315462480944539346e-03 4.648603214170789893e-03 4.472311318417120443e-03 4.349663232715680200e-03 2.756376291092740174e-05 1.164370027679448530e-05 2.252567823896843840e-05 -4.959811840845815018e-05 -3.104236403151472239e-05 -2.357587946214548396e-05 4.599005095762330117e-03 4.441268954385607821e-03 4.326087353253535092e-03
-9.500000000000000000e+01 4.665885937329236621e-03 4.540152552854373816e-03 4.392365401114067813e-03 4.718812017281354479e-03 4.489834134883030799e-03 4.423399632451165825e-03 -9.870063243847207778e-07 7.670438735198083609e-06 -7.312335903151749094e-06 5.047195103190482736e-06 5.082445441028397094e-05 -7.081123551656274608e-06 4.723859212384545238e-03 4.540658589293312432e-03 4.416318508899507410e-03
-9.250000000000000000e+01 5.641335793542900587e-03 5.456429709447799606e-03 5.240861873787774211e-03 5.698335524881401916e-03 5.424739630310981831e-03 5.303079082382661930e-03 -5.639883077968824122e-07 -6.692279778623053068e-07 -7.646591945786097487e-07 -2.304188849166654659e-05 -1.340962310066708996e-05 -1.681818537288754575e-05 5.675293636389735705e-03 5.411330007210311994e-03 5.286260897009772107e-03
-9.000000000000000000e+01 1.661822697309983665e-02 1.736303268585012022e-02 1.657574617341588119e-02 1.777089047580361625e-02 1.796696967217168914e-02 1.719426898864847425e-02 0.000000000000000000e+00 0.000000000000000000e+00 0.000000000000000000e+00 -1.719434497478420740e-05 -1.336021227984937306e-05 2.791069940805887878e-05 1.775369613082884018e-02 1.795360945989185261e-02 1.722217968805652907e-02
-8.750000000000000000e+01 2.545953684037952081e-02 2.769969437216250607e-02 2.708413580455031749e-02 2.994948838507528396e-02 3.021251809047629730e-02 2.962189532405658243e-02 1.705703120783459229e-06 -2.594985749406896003e-06 -1.429329169236046159e-05 -1.068985801953661896e-04 -9.996985291857893546e-05 -1.261333616411899016e-04 2.984258980487992929e-02 3.011254823755770554e-02 2.949576196241541701e-02
-8.500000000000000000e+01 4.053563896326967814e-02 4.437822290916985934e-02 4.474463450033108053e-02 4.902230573100515437e-02 4.908988512533953713e-02 4.943406199850303162e-02 -5.953480942584139702e-06 -4.344039356073295746e-06 -2.488094435213266149e-06 -8.518623729588325425e-05 -7.749244379428571320e-05 -4.795494916896821054e-05 4.893711949370924130e-02 4.901239268154523182e-02 4.938610704933402845e-02
-8.250000000000000000e+01 5.251709256465158376e-02 9.063509958578601367e-02 9.391889659151325676e-02 1.551647530750190906e-01 1.558317870330277188e-01 1.561013109191574655e-01 0.000000000000000000e+00 0.000000000000000000e+00 0.000000000000000000e+00 -3.324134235015158015e-04 -1.887243282710939060e-04 -2.880014758846212290e-04 1.548323396515175476e-01 1.556430627047565851e-01 1.558133094432727628e-01
-8.000000000000000000e+01 2.868026511510563675e-02 1.600664902910386989e-01 1.661384654375724912e-01 3.599658057656128785e-01 3.600660906368948755e-01 3.603175476955174927e-01 0.000000000000000000e+00 0.000000000000000000e+00 0.000000000000000000e+00 -8.042257579540963968e-04 -5.257900117586897714e-04 -4.061334113822891645e-04 3.591615800076586873e-01 3.595403006251363665e-01 3.599114142841352559e-01
-7.750000000000000000e+01 -5.037823881633587617e-03 2.333720100053015833e-01 2.313161684958152109e-01 5.306290011478101976e-01 5.301547312111173360e-01 5.299995333891412974e-01 -1.876494175358284661e-06 -1.155649641501732525e-06 -1.126156373612820018e-06 -1.309470031963957384e-03 -7.308227569845762630e-04 -1.773041349011528656e-04 5.293195311158459537e-01 5.294239084541321194e-01 5.298222292542397183e-01
-7.500000000000000000e+01 1.519180725988238286e-02 2.845366975392299991e-01 2.816480307279434769e-01 5.897449225924036309e-01 5.909366905979147599e-01 5.897380247935773978e-01 -1.928494037605862880e-05 -7.710145433780546837e-06 -1.176292094937313510e-05 -1.576946892730776099e-03 -8.330626206409358619e-04 -5.988947841377038677e-04 5.881679756996727182e-01 5.901036279772735593e-01 5.891391300094397376e-01
-7.250000000000000000e+01 6.259504311161043916e-03 2.859294146704884909e-01 2.815804985815857919e-01 5.954075210084867065e-01 5.962203781234257649e-01 5.951578950357812037e-01 3.064660973613920092e-05 3.366026234738893650e-05 2.138680840846092225e-05 -1.110455399938426986e-03 -1.018174375075857254e-03 -8.297354367733454205e-04 5.942970656085485581e-01 5.952022037483492012e-01 5.943281595990090871e-01
-7.000000000000000000e+01 4.110256651772966480e-02 2.984028229947064959e-01 3.041918677457752795e-01 5.956517301283851262e-01 5.952901610364544904e-01 5.951262501277809758e-01 -5.201851544876483964e-06 -1.387980458574509050e-05 1.469444041582291373e-06 -5.709979007386459509e-04 -4.894313005551492604e-04 -6.807069907022354153e-04 5.950807322276459033e-01 5.948007297358983703e-01 5.944455431370777587e-01
-6.750000000000000000e+01 3.341621736829505918e-02 2.985404940154503528e-01 2.962898680003171470e-01 5.947723680686000103e-01 5.944827652867237244e-01 5.947698892514028390e-01 -6.746390976974653484e-06 2.270373312582000644e-05 -2.026855356645946595e-05 -1.190076670329665454e-03 -5.900316423989211429e-04 -8.194147581652754322e-04 5.935822913982699012e-01 5.938927336443249327e-01 5.939504744932374569e-01
-6.500000000000000000e+01 2.642112300149199525e-02 2.935119795278116617e-01 2.924474377918839241e-01 5.941393794053163591e-01 5.933576226201520143e-01 5.939564837877288062e-01 -2.826084456534301901e-05 -1.705523359059856671e-05 -1.914596253372686659e-05 -2.389847535604999219e-03 -1.608121940446770488e-03 -1.513932646700309357e-03 5.917495318697114648e-01 5.917495006797048873e-01 5.924425511410281731e-01
-6.250000000000000000e+01 1.622292483563007523e-02 2.955616964916380485e-01 2.891806564402600865e-01 5.935672130615702313e-01 5.936526033571630778e-01 5.933965502968274741e-01 1.259339845893779391e-06 3.315335714033256211e-06 6.531601456940465396e-06 -1.215809118505524608e-03 -8.088334483382811184e-04 -7.374946072656787116e-04 5.923514039430652911e-01 5.928437699088250357e-01 5.926590556895620088e-01
-6.000000000000000000e+01 6.024511109693111988e-02 3.091867923557143349e-01 3.061341989399222197e-01 5.936080967295929156e-01 5.937884573706246893e-01 5.935747474096476628e-01 -9.667943902580390807e-06 2.588253267799696435e-05 2.896494516486106935e-05 -9.174783855764536864e-04 -6.800518198608955208e-04 -3.502006088085024191e-04 5.926906183440157072e-01 5.931084055507636066e-01 5.932245468008390255e-01
-5.750000000000000000e+01 1.782282735598524070e-02 2.981555742053866864e-01 2.974736736703177953e-01 5.941241178355677333e-01 5.944568684664216507e-01 5.943520996745368379e-01 -5.344326064580988701e-06 -2.270564161667759090e-05 -1.249308016985042048e-05 -3.828956526218475266e-04 -4.736322304765547058e-04 -7.592098763534414492e-05 5.937412221829457826e-01 5.939832362359451778e-01 5.942761786869007468e-01
-5.500000000000000000e+01 3.900981255385556346e-02 2.957986375769488530e-01 3.018566357971437797e-01 5.937266571450213748e-01 5.944263273882955945e-01 5.942497132090368561e-01 -1.994783967611804524e-05 7.469729300328875591e-06 -1.164478558061285002e-05 -7.059729216160547625e-04 -1.061864955210456668e-04 -7.307256210529114579e-04 5.930206842234059250e-01 5.943201408927748508e-01 5.935189875879858246e-01
-5.250000000000000000e+01 2.398121677724944500e-02 2.994590247395174654e-01 2.964983217837610652e-01 5.937307534579685520e-01 5.929010595495310953e-01 5.943591027086910783e-01 -4.256786688462374410e-05 -2.481313142000118470e-05 -1.003605938499888179e-05 -9.102468162945418070e-04 -3.412398250962234581e-04 6.492864980624880661e-05 5.928205066416731839e-01 5.925598197244343890e-01 5.944240313584974178e-01
-5.000000000000000000e+01 2.361747224177699125e-02 3.038623786641664326e-01 3.014551535337703925e-01 5.940721810370174216e-01 5.934677486141948233e-01 5.940495601769107958e-01 -1.156767069149303321e-05 -7.936031210295742659e-06 2.117454455852405795e-05 -3.835560631568498790e-04 -2.601471092399680520e-04 -8.008428587884402236e-05 5.936886249738594357e-01 5.932076015049547735e-01 5.939694758910325501e-01
-4.750000000000000000e+01 1.924516001329609413e-02 2.935963512987773694e-01 2.945306254569125537e-01 5.934363021889896839e-01 5.939138947578441741e-01 5.931562931747873524e-01 -4.657654434235727051e-05 -1.845891126714786643e-05 -1.488232709142939565e-05 -7.700683599076537560e-04 -7.339425439279020826e-05 -8.247827190137876690e-04 5.926662338290822341e-01 5.938405005034518291e-01 5.923315104557741462e-01
-4.500000000000000000e+01 1.817201312127211116e-02 2.974247257698197644e-01 2.852881195213158305e-01 5.935364704022763060e-01 5.950572802031026676e-01 5.935161478860040418e-01 -7.075470321251048364e-06 -9.562889066039931141e-06 9.332053156787007417e-07 -1.667666502380561137e-03 -1.084744239605494199e-03 -9.776455164437452671e-04 5.918688038998951573e-01 5.939725359634973056e-01 5.925385023695602937e-01
-4.250000000000000000e+01 -3.315692973324137205e-02 2.877788418781263569e-01 2.904563950589735821e-01 5.944873080923533948e-01 5.961799447422180265e-01 5.945977500354009404e-01 -2.799850462617187161e-05 -1.205291744439755958e-05 -9.868106770099724374e-07 -6.819013248798055146e-04 1.108492978238958979e-04 -2.787889115736293805e-04 5.938054067674732872e-01 5.962907940400425932e-01 5.943189611238278713e-01
-4.000000000000000000e+01 2.766797487061107397e+00 1.195451750271040448e+00 1.202600421533102537e+00 5.935768306732597255e-01 5.938578261303342209e-01 5.937442835376744998e-01 1.938861285977202975e+00 5.342069553364807710e-01 5.456573720760969914e-01 -1.295305273847170919e-03 -8.076839291993273030e-04 -9.829749412609213761e-04 5.922815253994119233e-01 5.930501422011336121e-01 5.927613085964137385e-01
-3.950000000000000000e+01 4.166399095934886776e-01 5.939881247144879195e-01 5.812542231577664253e-01 7.009450276354488585e-01 7.009948635241288750e-01 7.005651939305045373e-01 -3.717945644747134293e-01 -2.379411017368701642e-01 -2.394058176854256814e-01 -1.150757294581961337e-03 -8.401047819503673500e-04 -9.343949339478777602e-04 6.997942703408662757e-01 7.001547587421784735e-01 6.996307989965572238e-01
-3.900000000000000000e+01 4.972359731915995118e-01 6.133163936211148970e-01 6.243396496213947655e-01 6.685449102097864582e-01 6.684625702005179138e-01 6.682839200037324900e-01 -2.647762285168370755e-01 -2.169768800096454064e-01 -2.076524857046021244e-01 1.370488898041935955e-03 -2.739539418095843383e-05 -3.166122790560764477e-04 6.699153991078284909e-01 6.684351748063375176e-01 6.679673077246762736e-01
-3.850000000000000000e+01 5.024605923122827944e-01 5.750418475069567492e-01 5.784295734168966030e-01 6.482780281441177239e-01 6.481870290004709823e-01 6.480249252852349207e-01 -1.578056348196906211e-01 -8.175362008302397565e-02 -7.654344739088277116e-02 2.925931803764702523e-05 -4.511727367353457539e-04 -4.737117669080625863e-04 6.483072874621557125e-01 6.477358562637349770e-01 6.475512135183267848e-01
-3.800000000000000000e+01 4.961843066228234789e-01 5.494073834312396265e-01 5.440016563756681078e-01 5.986218685487370017e-01 5.983599394999423726e-01 5.983299915944829683e-01 -1.382961912117119663e-01 -8.921386447759935279e-02 -7.616021580437927485e-02 -1.475955850210050081e-03 -2.306508006714520407e-04 -1.008277708905411501e-03 5.971459126985267929e-01 5.981292886992710667e-01 5.973217138855780872e-01
-3.750000000000000000e+01 4.802613643414530564e-01 5.065855866093862403e-01 4.969698229286457214e-01 5.921194450062405856e-01 5.916717949800941456e-01 5.924615089189937400e-01 -1.716477392251607170e-01 -1.544650778863750074e-01 -1.471039325003760112e-01 -1.561860812029674172e-03 -1.377200569690225414e-03 -1.326403168477474680e-03 5.905575841942112270e-01 5.902945944104037723e-01 5.911351057505166429e-01
-3.700000000000000000e+01 5.037589833783375770e-01 5.537192331646918486e-01 5.343846175398286880e-01 5.934803514268237601e-01 5.929755048504272708e-01 5.937959309838205524e-01 -1.677062226802936429e-01 -1.444266486019424867e-01 -1.436346575976971129e-01 5.285996213880060851e-04 -2.956990363521730240e-04 2.987179585598067721e-04 5.940089510482116086e-01 5.926798058140746450e-01 5.940946489423798438e-01
-3.650000000000000000e+01 4.482455988245303558e-01 5.496207219325789373e-01 5.476170453027986440e-01 5.922672760466938247e-01 5.919572285368134290e-01 5.923059196939581827e-01 -2.293223135929452483e-01 -2.051435736638460017e-01 -1.772578072639850177e-01 -2.416358167541568741e-04 -6.087612454745361867e-04 -3.688363397541259735e-04 5.920256402299403087e-01 5.913484672913389417e-01 5.919370833542041410e-01
-3.600000000000000000e+01 4.411437527406600889e-01 5.488112381514055338e-01 5.451100560179902299e-01 5.929453179121424444e-01 5.921360940622377722e-01 5.925901721153581381e-01 -1.609697938482975987e-01 -5.132296897180265577e-02 -5.295307727926946290e-02 -1.213385798668374042e-03 -2.365853184676749055e-04 -6.501875870146525856e-04 5.917319321134740795e-01 5.918995087437696201e-01 5.919399845283439543e-01
-3.550000000000000000e+01 4.671587813754768392e-01 5.199356453382670828e-01 5.218013678644145559e-01 5.924564332322408422e-01 5.910095480305007642e-01 5.919420352859482426e-01 -1.666970013857031474e-01 -1.102648095469030143e-01 -1.016392018400573000e-01 -9.778232015296710496e-04 -6.438398392179340776e-04 -6.176423938875359298e-04 5.914786100307112271e-01 5.903657081912832005e-01 5.913243928920611792e-01
-3.500000000000000000e+01 4.709598876650047394e-01 5.245330334741002964e-01 5.233416172424809609e-01 5.926885636783181255e-01 5.910896544511259343e-01 5.924014553439626019e-01 -1.849738423663993825e-01 -1.391078981218532573e-01 -1.268727199015524387e-01 -2.831156962712680879e-04 4.362309472721201490e-05 4.439187622423321471e-04 5.924054479820463071e-01 5.911332775458534305e-01 5.928453741062054139e-01
-3.450000000000000000e+01 4.592922480344187597e-01 5.251189290401896415e-01 5.186515131442906990e-01 5.924697794325159972e-01 5.910231297722816635e-01 5.923598136670942260e-01 -2.117611233181824482e-01 -1.750500341052722286e-01 -1.584615108960824581e-01 -2.919708076945412524e-04 -1.750886896770804480e-04 -1.432068416505392992e-04 5.921778086248218331e-01 5.908480410826050244e-01 5.922166068254427485e-01
-3.400000000000000000e+01 4.291666395738191198e-01 5.499821634627037881e-01 5.479879174382078499e-01 5.928460005109300601e-01 5.909644510441970366e-01 5.919498778818041984e-01 -2.461437393202212109e-01 -2.026365860711371036e-01 -1.809825090890882782e-01 -2.498534242038639736e-03 -1.720468990485447304e-03 -1.504401772103988863e-03 5.903474662688913410e-01 5.892439820537120898e-01 5.904454761096996629e-01
-3.350000000000000000e+01 4.482343240675242813e-01 5.533658080148915470e-01 5.415835148720679060e-01 5.933458081160195574e-01 5.911012366024248621e-01 5.919018688729626998e-01 -1.538150244637264685e-01 -4.511985298112732717e-02 -5.607840688812450181e-02 -1.693577357700628162e-03 -7.296434774714092870e-04 -4.052510805919676425e-04 5.916522307583197415e-01 5.903715931249526871e-01 5.914966177923702828e-01
-3.300000000000000000e+01 4.674995819177482637e-01 5.200126543458184480e-01 5.129704792814965275e-01 5.931608224088187331e-01 5.920722349650948679e-01 5.921024736268778454e-01 -1.680740112746935688e-01 -1.140028906668974218e-01 -1.101940668309476651e-01 -2.129075239669285090e-03 -1.048529595706677864e-03 -1.469201283362864697e-03 5.910317471691495239e-01 5.910237053693877529e-01 5.906332723435157028e-01
-3.250000000000000000e+01 4.844313177553195571e-01 5.312455395662690760e-01 5.272508843061191053e-01 5.931206952365120078e-01 5.919070853532399923e-01 5.915406366645792335e-01 -1.720469649194877326e-01 -1.346515621722710609e-01 -1.192321504112085484e-01 -2.057919303455172082e-03 -1.088344820728310604e-03 -1.642277530194275565e-03 5.910627759330575604e-01 5.908187405325122654e-01 5.898983591343850419e-01
-3.200000000000000000e+01 4.743614659899831332e-01 5.284241802176352643e-01 5.169748549270140048e-01 5.932115568536393546e-01 5.920492430374182380e-01 5.914470312410721187e-01 -1.960466835790524720e-01 -1.686292468410869327e-01 -1.585003933269884535e-01 -7.911549412648672048e-05 8.186158736829728328e-04 -2.564688947414530995e-05 5.931324413595121525e-01 5.928678589111010533e-01 5.914213843515981894e-01
-3.150000000000000000e+01 4.568308342808313216e-01 5.643471042232137691e-01 5.534994423758059501e-01 5.931335367703929329e-01 5.918319583810837115e-01 5.913887970100499825e-01 -2.177581255698540497e-01 -1.868195372734860193e-01 -1.666421428282151562e-01 -6.639516333425344230e-04 -3.303748455266198344e-04 -1.071360372181257101e-03 5.924695851370505029e-01 5.915015835355570406e-01 5.903174366378681759e-01
-3.100000000000000000e+01 4.521003960415136413e-01 5.476970481963797655e-01 5.661746516830595821e-01 5.926429693420246503e-01 5.923427202328526153e-01 5.915426595970338930e-01 -1.495334903064858278e-01 -5.189494177315610163e-02 -3.008192449317411560e-02 -5.255620612453037847e-04 -2.834154081270666707e-04 -8.805260519267767540e-04 5.921174072807793287e-01 5.920593048247259071e-01 5.906621335451072152e-01
-3.050000000000000000e+01 4.519592622866509535e-01 5.006039135235944570e-01 5.011266370463911546e-01 5.926701010139737713e-01 5.925482693166187476e-01 5.914613357796481008e-01 -1.824740650689380406e-01 -1.317473325952902008e-01 -1.209042639273681802e-01 -8.747511626166643841e-04 -1.002234882641494249e-03 -1.600111604599803797e-03 5.917953498513568444e-01 5.915460344339779075e-01 5.898612241750479379e-01
-3.000000000000000000e+01 4.638834218918068131e-01 5.183543712394395042e-01 5.135203225145826833e-01 5.924772329979135499e-01 5.929553765479806948e-01 5.915301097762951654e-01 -1.906630651513167851e-01 -1.455653801645466761e-01 -1.313793704692937658e-01 -1.844911325636596541e-04 -2.287809987354173812e-04 -7.517399700681499063e-04 5.922927418653500808e-01 5.927265955492454497e-01 5.907783698062268884e-01
-2.950000000000000000e+01 4.476442479229321147e-01 5.234947172558674922e-01 5.250879961091615700e-01 5.924445312998430913e-01 5.931329141859108534e-01 5.920467513228332423e-01 -2.189122296253805389e-01 -1.733693917299490017e-01 -1.454423746379935323e-01 -3.851247264424601489e-04 2.432340933745388910e-04 -5.341668599121020093e-04 5.920594065734008371e-01 5.933761482792864195e-01 5.915125844629205432e-01
-2.900000000000000000e+01 4.313913689952539876e-01 5.543202734874657089e-01 5.539396420823425871e-01 5.920525747693748952e-01 5.935162589488652829e-01 5.915859004828778467e-01 -2.455957115921823808e-01 -1.989475071746414914e-01 -1.734452498326365666e-01 -4.647479452023700955e-04 -6.237286677853309813e-04 -2.297429660492952841e-04 5.915878268241719917e-01 5.928925302810802433e-01 5.913561575168285733e-01
-2.850000000000000000e+01 4.301228579411827124e-01 5.600675383128564944e-01 5.483406193188561373e-01 5.920155802112693211e-01 5.930544095946547190e-01 5.916643489571451475e-01 -1.721302913890171149e-01 -3.975885587680798305e-02 -4.906814918094420247e-02 -2.752608160700494716e-04 -9.153388374029759788e-04 -9.086456856427102763e-04 5.917403193951993323e-01 5.921390707572521395e-01 5.907557032715029521e-01
-2.800000000000000000e+01 4.629053450316566454e-01 5.139883041230373095e-01 5.074112661946891256e-01 5.926915699380871372e-01 5.929137186225513778e-01 5.923711922508854144e-01 -1.693720540805827290e-01 -1.165820854572359039e-01 -1.139810641765438837e-01 -3.711115403620870307e-04 -1.139252680099186923e-03 -6.540827509338000901e-05 5.923204583977250692e-01 5.917744659424528653e-01 5.923057839757918108e-01
-2.750000000000000000e+01 4.746998262389560130e-01 5.137537170195917158e-01 5.235354918210887165e-01 5.923510048450812970e-01 5.927866347403815128e-01 5.923317908514942332e-01 -1.766035072073589840e-01 -1.483566337516331879e-01 -1.200202757819232025e-01 -9.678348299429929014e-04 -2.856138199047610461e-04 -7.912201180604933515e-05 5.913831700151388482e-01 5.925010209204762957e-01 5.922526688396881900e-01
-2.700000000000000000e+01 4.672163728312285769e-01 5.293798435519373458e-01 5.296402526371559727e-01 5.921643274941901236e-01 5.934329037772541060e-01 5.923220262606189168e-01 -2.007805055927527338e-01 -1.697789490389422229e-01 -1.418070459516860837e-01 -1.414625951708907078e-03 -1.063655502394257428e-03 -3.590681513000698426e-04 5.907497015424808540e-01 5.923692482748584842e-01 5.919629581093182047e-01
-2.650000000000000000e+01 4.412615751833686706e-01 5.443109615789286648e-01 5.472164261157353993e-01 5.918073931439518098e-01 5.936533684653979570e-01 5.928859962069050749e-01 -2.307529526676083131e-01 -2.093538776656374556e-01 -1.696881441721273254e-01 -1.935287707678867057e-03 -1.086038650494854270e-03 -1.275649454838810506e-03 5.898721054362724425e-01 5.925673298149030099e-01 5.916103467520661408e-01
-2.600000000000000000e+01 4.292369173606866983e-01 5.397763394714940599e-01 5.443608237386308168e-01 5.928332991121207929e-01 5.936279632963011865e-01 5.934674674157669472e-01 -1.717433947940209538e-01 -6.108938489125773780e-02 -5.314550511836245439e-02 -2.009425502224964754e-03 -1.313209454887963312e-03 -1.237466506249988545e-03 5.908238736098949673e-01 5.923147538414125224e-01 5.922300009095180506e-01
-2.550000000000000000e+01 4.574362002142058903e-01 5.186743177526821347e-01 5.090927657297998898e-01 5.923407074935510552e-01 5.940659299445161246e-01 5.936509113782320046e-01 -1.726408320032049859e-01 -1.122413517353804402e-01 -1.108587418937562047e-01 -1.147120925910634576e-03 -1.205065529518991110e-03 -1.587084996500986219e-03 5.911935865676403168e-01 5.928608644149970797e-01 5.920638263817314950e-01
-2.500000000000000000e+01 4.809762587322742311e-01 5.261267252432403341e-01 5.295541322558534603e-01 5.922444268170434789e-01 5.937894243843884201e-01 5.935439916160815121e-01 -1.721269071382579841e-01 -1.408187848376347695e-01 -1.152284530454308620e-01 -1.808413329603181371e-03 -1.133518679772103866e-03 -1.508335905950336639e-03 5.904360134874405697e-01 5.926559057046165702e-01 5.920356557101313921e-01
-2.450000000000000000e+01 4.673338848850220884e-01 5.233226286335986854e-01 5.275704060749094593e-01 5.930183564478854752e-01 5.934118199949104389e-01 5.932575752825833826e-01 -2.007650395082834216e-01 -1.752309780408585482e-01 -1.456942880514005556e-01 -2.072955571838973820e-04 6.276441464089069265e-04 -3.751104980474423770e-04 5.928110608907010137e-01 5.940394641413179189e-01 5.928824647845356566e-01
-2.400000000000000000e+01 4.343310993206865311e-01 5.435492575748770427e-01 5.378009286088822893e-01 5.927783488645650412e-01 5.935733807002055995e-01 5.937143793324045626e-01 -2.379249632692110039e-01 -2.062520551282114312e-01 -1.796356765591571869e-01 -8.949654128196027824e-04 -1.345505915618645017e-03 -7.285455433900931603e-04 5.918833834517456260e-01 5.922278747845871605e-01 5.929858337890148157e-01
-2.350000000000000000e+01 4.390101739507167866e-01 5.630838802603994608e-01 5.595773751590937817e-01 5.929814305834301136e-01 5.941737209353200599e-01 5.942739980750176843e-01 -1.630743533963303071e-01 -3.728552451580817440e-02 -4.039754896810036217e-02 -6.567401050075917643e-04 -7.656416468442979158e-04 -7.494581379364694766e-04 5.923246904784231770e-01 5.934080792884762756e-01 5.935245399370817632e-01
-2.300000000000000000e+01 4.624644738817300094e-01 5.255781266529340190e-01 5.262143595500005100e-01 5.925767994052738574e-01 5.939147560572263229e-01 5.933121511194245912e-01 -1.703354967487133442e-01 -1.078646378613834639e-01 -9.638944472560992405e-02 -9.062456778406540164e-04 -4.322530433445911100e-04 -7.089235154045184098e-04 5.916705537274327131e-01 5.934825030138813906e-01 5.926032276040200664e-01
-2.250000000000000000e+01 4.584080187029815900e-01 5.042793612585584340e-01 5.100356837102983931e-01 5.929557405186783869e-01 5.943829089544075961e-01 5.937056812405679951e-01 -1.960466622806496528e-01 -1.619146812013007863e-01 -1.362892524205946698e-01 -7.220584722522757279e-04 -6.982909702858780760e-04 -5.348154614347997750e-04 5.922336820464265683e-01 5.936846179841220872e-01 5.931708657791333605e-01
-2.200000000000000000e+01 4.570370933180316619e-01 5.033657585234008192e-01 5.087142023415507364e-01 5.930549008386799548e-01 5.937928834190715488e-01 5.936110110174822596e-01 -2.078955855379925055e-01 -1.877908251558209340e-01 -1.611672233516449060e-01 -1.017764711802063684e-03 -6.550997564372746046e-04 -7.939852603596708703e-04 5.920371361268772503e-01 5.931377836626341438e-01 5.928170257571231394e-01
-2.150000000000000000e+01 4.356152778017932659e-01 5.477770234246889247e-01 5.398599632044494001e-01 5.945967989568613499e-01 5.936293129608731789e-01 5.935775740942582646e-01 -2.381754015617407461e-01 -2.096759727670349516e-01 -1.790691762515572161e-01 -1.439341384653381427e-03 -8.263767861896557801e-04 -7.781430309652236782e-04 5.931574575722076137e-01 5.928029361746830483e-01 5.927994310632925812e-01
-2.100000000000000000e+01 4.357945162787855709e-01 5.530877206708890714e-01 5.505220931558434394e-01 5.939646799028683866e-01 5.938599599551990238e-01 5.935635267838781370e-01 -1.662479915795835039e-01 -4.720400141222581836e-02 -4.769672746652588169e-02 -1.122204545500046519e-03 -1.036658873546421377e-03 -5.121702192793199052e-04 5.928424753573675599e-01 5.928233010816527093e-01 5.930513565645990637e-01
-2.050000000000000000e+01 4.291043288657435673e-01 5.080824590409573904e-01 4.910051256703072409e-01 5.945096145020098977e-01 5.937701614430707098e-01 5.933319848929911045e-01 -2.054307098078319849e-01 -1.266226301496515549e-01 -1.302154152947837817e-01 -7.524926762588189134e-04 -8.160834792978569909e-05 -6.134195241785431576e-04 5.937571218257512440e-01 5.936885530951412360e-01 5.927185653688124001e-01
-2.000000000000000000e+01 4.562538182810034204e-01 5.013220478536490887e-01 5.034073678654347184e-01 5.947138304703262213e-01 5.942075335017832360e-01 5.933720114149239055e-01 -1.946662812008299326e-01 -1.601195405117830373e-01 -1.374582713581109228e-01 -9.281403780782188388e-04 -9.881847455892255831e-04 -3.341520737766675501e-04 5.937856900922476866e-01 5.932193487561945311e-01 5.930378593411467225e-01
-1.950000000000000000e+01 4.549264674842508627e-01 5.124064180914588151e-01 5.067749798933615102e-01 5.939936937967789099e-01 5.944026945599992784e-01 5.931614061470487087e-01 -2.100161911910600754e-01 -1.830155309397266117e-01 -1.599523370773108244e-01 -2.292215157721207413e-03 -2.150996565291923152e-03 -1.872485008439069660e-03 5.917014786390575320e-01 5.922516979947084481e-01 5.912889211386092025e-01
-1.900000000000000000e+01 4.250312472791051288e-01 5.413913506262860720e-01 5.396723523848486748e-01 5.949219573720924137e-01 5.947835565360086729e-01 5.933010036075238025e-01 -2.489589211645351352e-01 -2.136628508081810374e-01 -1.726917195844763497e-01 5.952688180210767728e-05 -2.113010387374185482e-04 -1.248335774412051514e-04 5.949814842538940773e-01 5.945722554972715512e-01 5.931761700300836049e-01
-1.850000000000000000e+01 4.098260471282980655e-01 5.325964852816812423e-01 5.379434511176173217e-01 5.943664255292463450e-01 5.942783381986371793e-01 5.928272237339548001e-01 -1.920559864532349614e-01 -6.791452610754870889e-02 -5.895498439863804813e-02 -9.200859811765160767e-04 -7.731703886728387041e-04 -5.754219051007369856e-04 5.934463395480696901e-01 5.935051678099643180e-01 5.922518018288546182e-01
-1.800000000000000000e+01 4.542281776422950057e-01 5.276830379199601850e-01 5.188806199902259442e-01 5.948759078962095881e-01 5.941526863400026226e-01 5.930695658280411564e-01 -1.780363110091127132e-01 -1.053308726371315479e-01 -1.003373943269982999e-01 -1.353556104409227908e-03 -5.448747867848131778e-04 -7.219121372286720116e-04 5.935223517917992408e-01 5.936078115532176236e-01 5.923476536908127699e-01
-1.750000000000000000e+01 4.596472501452529280e-01 5.208006716154811588e-01 5.237643063371707486e-01 5.944445275696953468e-01 5.938042718407758880e-01 5.929681561943835888e-01 -1.940879840475615292e-01 -1.416395492985177695e-01 -1.204739393647404067e-01 -9.618720348115836107e-05 2.986345970063957497e-04 -4.998634124253564749e-04 5.943483403662139786e-01 5.941029064377825186e-01 5.924682927819572287e-01
-1.700000000000000000e+01 4.324893381430693351e-01 5.139840873761577500e-01 5.128155198569713802e-01 5.943221618320972954e-01 5.939943525429106641e-01 5.935330627459000086e-01 -2.328764154793009356e-01 -1.845104628799393021e-01 -1.511886042854457546e-01 -5.685504423082134075e-04 7.968174278325074428e-05 -5.663523358789459682e-04 5.937536113897896595e-01 5.940740342856932754e-01 5.929667104100212471e-01
-1.650000000000000000e+01 3.974055205732310858e-01 5.310443226684721241e-01 5.356540376463027053e-01 5.932945912480782624e-01 5.943395242500659759e-01 5.938407931586008326e-01 -2.734772453398344183e-01 -2.199450036477391679e-01 -1.763219507363346927e-01 -1.521350862624470425e-03 -1.169155801861011682e-03 -1.639866817757738935e-03 5.917732403854537582e-01 5.931703684482046990e-01 5.922009263408429813e-01
-1.600000000000000000e+01 4.058140300578743087e-01 5.297772246136970287e-01 5.313560594254178593e-01 5.937799523389204470e-01 5.944188718449471276e-01 5.934580348471500955e-01 -1.970067563600686189e-01 -7.164022758894529608e-02 -6.614774381370540357e-02 -3.779802642878157359e-04 -6.842325156717687451e-04 -1.272504303175877021e-03 5.934019720746317450e-01 5.937346393292745050e-01 5.921855305439737149e-01
-1.550000000000000000e+01 4.405393378548086436e-01 5.101031124573370823e-01 5.038590358343234543e-01 5.937329140793341509e-01 5.940090141800267176e-01 5.938229128011929259e-01 -1.910932052718389562e-01 -1.221948885773105620e-01 -1.160938177163344937e-01 -1.839539751282959191e-04 -4.882868839707482509e-05 -4.330872966861500626e-04 5.935489601042056584e-01 5.939601854916297663e-01 5.933898255045069181e-01
-1.500000000000000000e+01 4.515521126044208522e-01 5.024626333151137603e-01 5.071556271052947151e-01 5.939614562616934990e-01 5.933259988554033804e-01 5.939968503998086513e-01 -1.989526904602524904e-01 -1.575465607347076857e-01 -1.352953338380388504e-01 -1.004289058706640250e-03 -6.159542808329691215e-04 -5.162530863653906881e-04 5.929571672029868568e-01 5.927100445745698831e-01 5.934805973134432699e-01
-1.450000000000000000e+01 4.624384903651944101e-01 5.090674210356972429e-01 5.170022486025726005e-01 5.944166824149922368e-01 5.935553898954530894e-01 5.943397828404135552e-01 -2.000710976352398918e-01 -1.841321767351875027e-01 -1.453117940097644056e-01 -1.489122327660569092e-03 -1.350513508639206942e-03 -2.178741726745534076e-03 5.929275600873319396e-01 5.922048763868134058e-01 5.921610411136685181e-01
-1.400000000000000000e+01 4.105125505952657017e-01 5.364141182905876049e-01 5.433729090965696562e-01 5.936891103762915733e-01 5.929531059585696484e-01 5.950267946648011286e-01 -2.621525908070285737e-01 -2.145349235273494026e-01 -1.731905877073223188e-01 -5.099073822926038051e-04 -1.373128932016914753e-03 -1.038670261537901146e-03 5.931792029939984001e-01 5.915799770265522950e-01 5.939881244032634289e-01
-1.350000000000000000e+01 4.098694002655025037e-01 5.406432724151021274e-01 5.411848398495242574e-01 5.942580383130762200e-01 5.939080306612476434e-01 5.952062252689027666e-01 -1.931781916981543945e-01 -5.976572478201466060e-02 -5.867390422332548205e-02 3.776559894589787960e-04 -4.190885544282890013e-04 -5.112060985811773308e-05 5.946356943025353781e-01 5.934889421068197946e-01 5.951551046590453087e-01
-1.300000000000000000e+01 4.472538210950871007e-01 5.140776029238626199e-01 5.107777697228812475e-01 5.940017721484106561e-01 5.935756188781539100e-01 5.945878946685381194e-01 -1.839094428361946199e-01 -1.179368160674224147e-01 -1.077024390370060480e-01 -1.008556199970816677e-03 -1.006528314866623249e-03 -1.465450296237370657e-03 5.929932159484401222e-01 5.925690905632867711e-01 5.931224443723009943e-01
-1.250000000000000000e+01 4.674211340663558811e-01 5.160853445887678692e-01 5.117380694803789210e-01 5.944631503035383568e-01 5.938279905167784811e-01 5.949887245770106858e-01 -1.813235325322413993e-01 -1.430756260357730902e-01 -1.285331661361093780e-01 -8.722172748827811432e-04 -7.526276391115345986e-04 -6.938902994300761781e-04 5.935909330286559538e-01 5.930753628776667119e-01 5.942948342775806747e-01
-1.200000000000000000e+01 4.325310804995189384e-01 5.061923073294145592e-01 5.083471886160552122e-01 5.946450397639504448e-01 5.935830327638116355e-01 5.945535788785771825e-01 -2.327689818301914293e-01 -1.860458419644356876e-01 -1.580757807073463750e-01 -8.933808541191051966e-06 -4.795561040737777813e-05 -3.018336424445467207e-04 5.946361059554094997e-01 5.935350771534044778e-01 5.942517452361322228e-01
-1.150000000000000000e+01 4.112929185561829959e-01 5.236447062578833966e-01 5.286965268864559642e-01 5.944099784302151468e-01 5.928072001991685491e-01 5.939172362908853309e-01 -2.588668471184539244e-01 -2.226929369522439861e-01 -1.812528848615485022e-01 -3.064908910211712077e-05 -4.090237521991813637e-04 2.367852525797004991e-04 5.943793293411133716e-01 5.923981764469693490e-01 5.941540215434643057e-01
-1.100000000000000000e+01 4.168600831803921936e-01 5.419390394852419135e-01 5.437766682881666203e-01 5.941152597937562341e-01 5.925610544304894534e-01 5.939971201568373660e-01 -1.857220233011063759e-01 -5.760088366104645918e-02 -5.453387887914358523e-02 1.340796293481226898e-04 2.136923600272406859e-04 -2.987754417701197649e-04 5.942493394231037618e-01 5.927747467905165601e-01 5.936983447150677717e-01
-1.050000000000000000e+01 4.259641138791113169e-01 4.918461703093630621e-01 4.959457113463059397e-01 5.942794984837983518e-01 5.931383324370362864e-01 5.936660173788710360e-01 -2.063381650755477803e-01 -1.411589892407471847e-01 -1.217957561220027046e-01 -1.251539349835508732e-03 -9.653145312823399474e-04 -1.650173623733103799e-03 5.930279591339630008e-01 5.921730179057547172e-01 5.920158437551369390e-01
-1.000000000000000000e+01 4.668134207654260903e-01 5.277518077691253362e-01 5.231127399804346156e-01 5.936352175970391887e-01 5.936812467534048343e-01 5.932000807677414445e-01 -1.806745061170070277e-01 -1.335966119685641218e-01 -1.130899846706925893e-01 -9.041987958543380981e-04 -1.098766049437348248e-03 -5.884745900128710971e-04 5.927310188011847281e-01 5.925824807039675735e-01 5.926116061777275679e-01
-9.500000000000000000e+00 4.528840213770011780e-01 5.109068742200624236e-01 5.261118566292692922e-01 5.936733002155764050e-01 5.936646683568177485e-01 5.934888884327967906e-01 -2.088427147116918847e-01 -1.823561845385125724e-01 -1.348896846467700084e-01 -4.174634825713523147e-04 -5.818455719266889476e-04 -8.737818097660545727e-04 5.932558367330040827e-01 5.930828227848913281e-01 5.926151066230302966e-01
-9.000000000000000000e+00 4.145661600549883086e-01 5.276298810087673985e-01 5.438445917315258837e-01 5.930478093618333224e-01 5.938157873536598075e-01 5.927940659516421906e-01 -2.533936820077310470e-01 -2.179927577502278058e-01 -1.595493395249403812e-01 -1.300391142529126113e-04 -5.449683298198673307e-04 -8.747778653342883591e-04 5.929177702475796341e-01 5.932708190238394907e-01 5.919192880863080042e-01
-8.500000000000000000e+00 4.036795623140286837e-01 5.370828860878493760e-01 5.402632279934547199e-01 5.928719391813221939e-01 5.927996280617007230e-01 5.925220556045679432e-01 -1.977845228609841910e-01 -6.321750620092861372e-02 -5.619832674096941066e-02 -3.367396440660416453e-05 -3.067320744462601815e-04 -2.554078405635175423e-05 5.928382652169147393e-01 5.924928959872540757e-01 5.924965148205106891e-01
-8.000000000000000000e+00 4.281732908942644800e-01 4.943123093689100189e-01 4.960275879346288108e-01 5.928224196726459283e-01 5.928626575725486347e-01 5.925720657233024546e-01 -2.001152212901936289e-01 -1.349216405730046808e-01 -1.197533061920966341e-01 -5.697845173896219683e-04 -1.192037132755514222e-03 -8.994349840990905828e-04 5.922526351552560575e-01 5.916706204397935709e-01 5.916726307392032869e-01
-7.500000000000000000e+00 4.475924558360829253e-01 5.111766555361240139e-01 5.002433373199289823e-01 5.921000760367787219e-01 5.922626684792063889e-01 5.918737103377009756e-01 -1.991798469783839787e-01 -1.487580351000686862e-01 -1.336867504858208489e-01 -3.784159361375015571e-04 -1.189192866959758914e-03 -6.880727660959056477e-04 5.917216601006414223e-01 5.910734756122464351e-01 5.911856375716058043e-01
-7.000000000000000000e+00 4.232881818288444231e-01 4.909274951068642312e-01 4.965780442498911040e-01 5.910944556615009837e-01 5.918707651703336570e-01 5.913748818079803682e-01 -2.382128652663839385e-01 -2.048906989480668572e-01 -1.644667217104642531e-01 2.922061673996392221e-04 -5.586263890042020069e-04 -4.880626545328344977e-04 5.913866618289008725e-01 5.913121387813292662e-01 5.908868191534475400e-01
-6.500000000000000000e+00 4.070986548929916293e-01 5.324450495297942121e-01 5.244118882677140103e-01 5.902681567364898019e-01 5.911973009891373643e-01 5.901911409408138187e-01 -2.612050862929979900e-01 -2.180541557480739079e-01 -1.769415700660602331e-01 1.707301463645923348e-03 3.106017326322775408e-06 1.557652797333054860e-04 5.919754582001360843e-01 5.912004070064640349e-01 5.903469062205467521e-01
-6.000000000000000000e+00 4.005586727030598371e-01 5.372492126052832440e-01 5.331360100931498147e-01 5.887207514146073351e-01 5.895891386127010136e-01 5.884983235253973266e-01 -1.974645088188914654e-01 -5.913310235702298745e-02 -6.091125890287531902e-02 6.668428409291286959e-04 -5.978119255595312114e-04 1.037351391052130723e-03 5.893875942555364400e-01 5.889913266871423803e-01 5.895356749164503141e-01
-5.500000000000000000e+00 4.273233681444044141e-01 5.021344425017724156e-01 5.068709851248137666e-01 5.863949936982637556e-01 5.867159404885828877e-01 5.862029916117020845e-01 -1.955104591117613477e-01 -1.230440754098059142e-01 -1.026434086862620387e-01 -4.166217948439187050e-04 -2.838093887218351495e-04 -6.732821415704986871e-04 5.859783719034196148e-01 5.864321310998604764e-01 5.855297094701313876e-01
-5.000000000000000000e+00 4.394685883762195489e-01 4.933383611474800867e-01 4.995587195333572317e-01 5.841018127777609648e-01 5.834896814876729954e-01 5.830019039688633109e-01 -1.948813478108100683e-01 -1.542189340586958279e-01 -1.236530583376024978e-01 -1.935372545036393712e-03 -1.525508213352965142e-03 -8.619578273384710622e-04 5.821664402327255683e-01 5.819641732743202622e-01 5.821399461415247556e-01
-4.500000000000000000e+00 4.305595674595893430e-01 4.964386406418160869e-01 4.877996254754694561e-01 5.795732927527543765e-01 5.795352575762166003e-01 5.795584610786010948e-01 -2.128330373473000248e-01 -1.786382852283574796e-01 -1.556762400219536546e-01 -8.805384945415918596e-04 -4.023031380484832489e-04 -3.985873256107527133e-04 5.786927542582130934e-01 5.791329544381680350e-01 5.791598737529901619e-01
-4.000000000000000000e+00 4.047461986843935988e-01 5.215243015298229867e-01 5.335594622284507427e-01 5.750025800778882923e-01 5.747084500847057242e-01 5.749859847493973275e-01 -2.424257408386046031e-01 -2.046675671089903947e-01 -1.501112197516636937e-01 -1.775347108372286767e-04 -6.980899932210319399e-04 -1.012801564389930863e-04 5.748250453670505911e-01 5.740103600914857607e-01 5.748847045929589283e-01
-3.500000000000000000e+00 3.855022394691911547e-01 5.080116307275922560e-01 5.177834695318158653e-01 5.696772417739892624e-01 5.691880310982971869e-01 5.696532779536633839e-01 -1.909515641428593258e-01 -6.786116764398035517e-02 -5.449229943118290981e-02 -1.467396155496942948e-03 -1.065814954186917194e-03 -9.886944495843433094e-04 5.682098456184928592e-01 5.681222161441094043e-01 5.686645835040788910e-01
-3.000000000000000000e+00 4.241659974264688771e-01 4.925334534634016048e-01 4.927896316731713022e-01 5.633271142390380293e-01 5.633541469218439346e-01 5.638109928519497993e-01 -1.719777839296980915e-01 -1.070809093119775846e-01 -9.230240281800114466e-02 -2.518589476543801713e-03 -1.321289581627871097e-03 -1.545137731879878780e-03 5.608085247624945424e-01 5.620328573402166850e-01 5.622658551200699906e-01
-2.500000000000000000e+00 4.281790216733024068e-01 4.886593878297521010e-01 4.715003949204489286e-01 5.570166365577313705e-01 5.563353528957339922e-01 5.567048091299052759e-01 -1.800051427756427791e-01 -1.356301358657691636e-01 -1.239328926746521287e-01 -2.651468968361600682e-03 -1.175094730827453251e-03 -1.246804053409682721e-03 5.543651675893690456e-01 5.551602581649071055e-01 5.554580050764955645e-01
-2.000000000000000000e+00 4.256733786806524700e-01 4.863170184244381411e-01 4.834313313686963709e-01 5.499062483285198644e-01 5.486155436700328458e-01 5.491399140579569238e-01 -1.872176753188417031e-01 -1.551590295742941161e-01 -1.285683408681336792e-01 -3.398096679627539548e-04 -4.744286746418247371e-05 -2.969267724452275014e-04 5.495664386605568774e-01 5.485681008025677929e-01 5.488429872855118408e-01
-1.500000000000000000e+00 3.734442819786516488e-01 4.964823343466248651e-01 5.027620344962588916e-01 5.425501342377992975e-01 5.405509434842334926e-01 5.410055169891661020e-01 -2.383482411326028616e-01 -1.834888471889492279e-01 -1.426378811860735396e-01 4.028861841667233531e-04 3.817340994718546369e-04 1.773068912278942587e-05 5.429530204219663592e-01 5.409326775837056678e-01 5.410232476782883548e-01
-1.000000000000000000e+00 3.794463414466364704e-01 4.956960884775747922e-01 4.948236647246810338e-01 5.344838686611268486e-01 5.329035226179361651e-01 5.329394987967885911e-01 -1.616501578128718142e-01 -4.313112489248096398e-02 -4.157263150055006545e-02 -1.168304512757474501e-03 -5.541983316995121450e-04 -8.306466073550486211e-04 5.333155641483693366e-01 5.323493242862367136e-01 5.321088521894334900e-01
-5.000000000000000000e-01 4.227991233417439099e-01 4.771322813593106837e-01 4.772278056993737305e-01 5.260707277795252379e-01 5.246901022804364434e-01 5.246672471057648446e-01 -1.350617576349327498e-01 -7.964538836556447898e-02 -7.087641724634681506e-02 -6.377979645230891703e-04 -6.133594059957505349e-04 3.612007993337199257e-04 5.254329298150013372e-01 5.240767428744413925e-01 5.250284479050987274e-01
0.000000000000000000e+00 4.329997583070193112e-01 4.648029269771050687e-01 4.588297775167280435e-01 5.172163226334212105e-01 5.163032115796388766e-01 5.165549081582369029e-01 -1.303926874466526942e-01 -1.076032088610957421e-01 -9.506724078312626947e-02 -1.383683226650589924e-03 -1.177908557927810585e-03 -1.107068852526740723e-03 5.158326394067705989e-01 5.151253030217106677e-01 5.154478393057101426e-01
5.000000000000000000e-01 4.175559854748787658e-01 4.613815547784260174e-01 4.598128316751204370e-01 5.097190147729820930e-01 5.077679704380886339e-01 5.077545584132600043e-01 -1.502901105279555449e-01 -1.301168074030359667e-01 -1.094515571219544237e-01 -1.334295824118345497e-03 -4.462463950972763165e-04 -8.091597217966762980e-04 5.083847189488630569e-01 5.073217240429912511e-01 5.069453986914634891e-01
1.000000000000000000e+00 3.836866617614433372e-01 4.804787288193050343e-01 4.923200901894864701e-01 5.019315703296204356e-01 4.997303163867241049e-01 4.995706170695704551e-01 -1.813135108774597271e-01 -1.467143003301134563e-01 -1.071054115207238505e-01 -1.531689822887601733e-03 -1.038393500122703535e-03 -9.333349121794698357e-04 5.003998805067334521e-01 4.986919228866016907e-01 4.986372821573910596e-01
1.500000000000000000e+00 3.948574971968860647e-01 4.877854336894116849e-01 4.866357843405053063e-01 4.939355857457726762e-01 4.927338967510212497e-01 4.915013329235345951e-01 -1.041357657011802301e-01 -8.793174213588834942e-03 -7.952383018824997485e-03 -1.275410856628189649e-03 -7.589439270061279887e-04 -1.032972000653684412e-03 4.926601748891442645e-01 4.919749528240154324e-01 4.904683609228804864e-01
2.000000000000000000e+00 4.190988602559309606e-01 4.468191077246915222e-01 4.492714449845564562e-01 4.859204333472817994e-01 4.846205282623627930e-01 4.836497820390096569e-01 -9.638210997240052869e-02 -6.781135254685617675e-02 -5.503623885877933358e-02 -1.069066681277315621e-03 -5.506857489539022368e-04 -1.025713611279641200e-03 4.848513666660042021e-01 4.840698425134084548e-01 4.826240684277303683e-01
2.500000000000000000e+00 4.357575698235807704e-01 4.702433510097238645e-01 4.448443940840033917e-01 4.782296248430630281e-01 4.775981622464223197e-01 4.769578322431985984e-01 -8.892376707870697228e-02 -6.250967158150215475e-02 -7.214599206841375290e-02 -1.238353613379077761e-03 -2.055741377242748360e-04 -6.918116928388671908e-04 4.769912712296842661e-01 4.773925881086978351e-01 4.762660205503601030e-01
3.000000000000000000e+00 4.152322661951385330e-01 4.665743765193376413e-01 4.455871912074078067e-01 4.711479974502632007e-01 4.712985803121528816e-01 4.701549992660327137e-01 -1.094349981565698737e-01 -8.332439569690969217e-02 -7.917378095950687589e-02 -9.355425685161827343e-04 -7.658474266459834633e-04 -9.895960581103985763e-04 4.702124548817469551e-01 4.705327328855068436e-01 4.691654032079222159e-01
3.500000000000000000e+00 3.930853384119989968e-01 4.866658095575635001e-01 4.810697575166306139e-01 4.639888429820507310e-01 4.649417049090656673e-01 4.636534246374725554e-01 -1.286517786208305480e-01 -9.138512073159901772e-02 -7.937679097228647618e-02 -7.997883833621633647e-04 -7.423349607908714346e-04 -3.443312851663752347e-04 4.631890545986884766e-01 4.641993699482748204e-01 4.633090933523053567e-01
4.000000000000000000e+00 3.919589479282636346e-01 4.718120414692670850e-01 4.816593773875506579e-01 4.577013286311927276e-01 4.582683948636099291e-01 4.579120922170704100e-01 -7.109491235150107447e-02 9.082025636773615254e-03 1.987786284866258774e-02 -7.628600628814053482e-04 -2.010306008576553293e-05 -4.278762680982611826e-05 4.569384685683112179e-01 4.582482918035239994e-01 4.578693045902607617e-01
4.500000000000000000e+00 4.351951042277362736e-01 4.568750659565966044e-01 4.457772188175666561e-01 4.526190234722548555e-01 4.532676556632228015e-01 4.528235113053221128e-01 -4.480416214733648483e-02 -2.208542681673165975e-02 -2.728126649625323141e-02 -1.055954741028081135e-03 -1.267175805975958008e-03 -1.088052857655243642e-03 4.515630687312272018e-01 4.520004798572468951e-01 4.517354584476671042e-01
5.000000000000000000e+00 4.512658614283214242e-01 4.495717477208600044e-01 4.598779821661153622e-01 4.476349146686386393e-01 4.483162589354925398e-01 4.481341713038120012e-01 -3.881675703053431153e-02 -4.444198172979896277e-02 -2.771808675600458127e-02 -4.299255708341850977e-04 -1.024936522576346942e-03 -5.465644740029938992e-04 4.472049890978042064e-01 4.472913224129161369e-01 4.475876068298091370e-01
5.500000000000000000e+00 4.063862824685123831e-01 4.395934960299480165e-01 4.455819490322449616e-01 4.432906238490773032e-01 4.442892934415260120e-01 4.438906906706597266e-01 -8.741057584010611392e-02 -6.988426368514891185e-02 -5.607761454118383171e-02 -3.034569036709319377e-04 -9.177584265693101116e-04 -7.186040499483367736e-04 4.429871669454063521e-01 4.433715350149566303e-01 4.431720866207112253e-01
6.000000000000000000e+00 3.866102214326365138e-01 4.727633112265671733e-01 4.767097359586826566e-01 4.394547463016365008e-01 4.405288098002098085e-01 4.401377783124104104e-01 -1.105048033418590675e-01 -7.371288594859223831e-02 -5.694223824924068283e-02 -3.732261303644588595e-04 -7.212683323795799750e-04 -8.013446018099180381e-04 4.390815201712719440e-01 4.398075414678301875e-01 4.393364337106003825e-01
6.500000000000000000e+00 3.965708419316347766e-01 4.734427445274654866e-01 4.789008414269577685e-01 4.367537583603106066e-01 4.369665495129931299e-01 4.373326957524039660e-01 -4.567740997675481807e-02 3.270397629326876610e-02 3.869031136347664962e-02 -6.075258483471837698e-04 -1.014358909953399232e-03 -6.892639596862369092e-04 4.361462325119638272e-01 4.359521906030399685e-01 4.366434317927177511e-01
7.000000000000000000e+00 4.313350620012213477e-01 4.493870304558077455e-01 4.509503938071042772e-01 4.347601206726238177e-01 4.349813541427851593e-01 4.352152218641369141e-01 -3.006631698132074954e-02 -9.913295690365519011e-03 -3.947717429468059966e-03 9.588061459322651681e-04 6.603716875194442994e-05 -4.411034435451223206e-06 4.357189268185560072e-01 4.350473913115368019e-01 4.352108108297016997e-01
7.500000000000000000e+00 4.242747224033979747e-01 4.386295306505372804e-01 4.307159404135994518e-01 4.331573113909670258e-01 4.333480945295937192e-01 4.323811576502840093e-01 -4.568283543771733957e-02 -3.124955803218248257e-02 -3.848494417793039968e-02 1.105976023624698115e-04 -5.964339987646755104e-04 -5.346942162372488646e-04 4.332679089933295646e-01 4.327516605308287523e-01 4.318464634340466457e-01
8.000000000000000000e+00 3.965162649694359276e-01 4.274296721706397073e-01 4.217973564356881644e-01 4.324266067178045292e-01 4.321497787757920261e-01 4.316656397564346270e-01 -8.412359914564350449e-02 -6.994740128893427167e-02 -6.511797421866716284e-02 -1.063517104292315820e-03 -7.002027748932974525e-04 -8.108251771591130528e-04 4.313630896135117188e-01 4.314495760008985603e-01 4.308548145792759909e-01
8.500000000000000000e+00 3.822075851813103720e-01 4.757679915213153810e-01 4.625484155025700317e-01 4.329306961802524834e-01 4.324009099940948064e-01 4.320016537265684020e-01 -1.053595810127228860e-01 -5.569330767139703264e-02 -6.052303587145124730e-02 -5.435773818973866018e-04 -3.867896681508780081e-04 -1.027957662080911713e-03 4.323871187983559516e-01 4.320141203259437734e-01 4.309736960644878212e-01
9.000000000000000000e+00 3.794939644311020044e-01 4.676021126588481569e-01 4.686069598195177210e-01 4.342542850992850423e-01 4.335457326156632041e-01 4.325897455664647895e-01 -5.927648319818330791e-02 3.097071764833046054e-02 3.341593970985152345e-02 -5.622109253405140105e-04 -5.805840663320249251e-04 -6.649769857509759199e-04 4.336920741739446750e-01 4.329651485493311025e-01 4.319247685807139359e-01
9.500000000000000000e+00 4.189726084007551754e-01 4.457516621322790140e-01 4.268377503534416806e-01 4.350273398090086507e-01 4.349887438323399302e-01 4.337888311629242155e-01 -4.049622885403955652e-02 -1.229410592472036066e-02 -2.576400029083197180e-02 -6.053746805996353467e-04 -2.739953584364127477e-05 -6.297072156193932917e-04 4.344219651284091932e-01 4.349613442964965770e-01 4.331591239473053800e-01
1.000000000000000000e+01 4.338747878386718382e-01 4.461095046098166317e-01 4.411709064422425497e-01 4.377204728169876158e-01 4.377902535908358983e-01 4.361381358591406299e-01 -4.302560696446581373e-02 -3.450812973037666737e-02 -3.233401766010329803e-02 1.540370368959016062e-04 6.024768559218380133e-05 4.226768874151899192e-04 4.378745098538839864e-01 4.378505012764282722e-01 4.365608127465558930e-01
1.050000000000000000e+01 4.305040060452645090e-01 4.549753778848076302e-01 4.406273662702342442e-01 4.411926911953290009e-01 4.413024595365088731e-01 4.394782023873777810e-01 -5.939659053060100669e-02 -4.805911347546167750e-02 -5.481104926178260311e-02 4.821887323657719619e-04 -1.020504930463560353e-04 -9.037998758249582638e-05 4.416748799276947191e-01 4.412004090434621939e-01 4.393878223997949584e-01
1.100000000000000000e+01 4.089858975584116374e-01 4.792937844228795652e-01 4.770204114665678730e-01 4.454552913656177338e-01 4.452752920754943222e-01 4.438977910385895620e-01 -9.414055573344647099e-02 -6.445347230003360683e-02 -6.107758267900315063e-02 2.803633837918659191e-03 9.431327717123308202e-04 6.750996757612204953e-04 4.482589252035361627e-01 4.462184248472068626e-01 4.445728907143506325e-01
1.150000000000000000e+01 4.126148291951344249e-01 4.882433084704137505e-01 4.836239134452383071e-01 4.496682574425540646e-01 4.500780500171858156e-01 4.489021248560589039e-01 -4.546692069704647010e-02 3.265157484430415702e-02 2.997961092271417619e-02 2.242262006827786241e-03 1.010926195319868234e-03 8.345431238434066487e-04 4.519105194493821531e-01 4.510889762125057101e-01 4.497366679799025269e-01
1.200000000000000000e+01 4.225818163567309216e-01 4.582340523295093671e-01 4.522512230744784589e-01 4.550961172070452365e-01 4.552588815763931041e-01 4.546588212979676413e-01 -5.923415189339906184e-02 -1.971248569008337073e-02 -2.530760429380161242e-02 5.924129438367169587e-04 7.625983023189626384e-06 7.912961494156064415e-04 4.556885301508821207e-01 4.552665075594165556e-01 4.554501174473832847e-01
1.250000000000000000e+01 4.407460699668064863e-01 4.587946804791123712e-01 4.613535552786782734e-01 4.612229360103832776e-01 4.616558885147296065e-01 4.614825950272785082e-01 -6.200976296599601534e-02 -4.826873955987419362e-02 -3.976588374413335403e-02 -7.199167269237587326e-04 -3.167176506451279414e-04 -4.058932577081877957e-04 4.605030192834598801e-01 4.613391708640847133e-01 4.610767017695704961e-01
1.300000000000000000e+01 4.260577543839577652e-01 4.519809201283043198e-01 4.585292440714322515e-01 4.683937526958059094e-01 4.683863764024301934e-01 4.685191405876929505e-01 -9.520141426991465816e-02 -8.053340438120959455e-02 -7.244399958571805243e-02 1.020009564372209392e-04 -2.587528995962501454e-04 -3.038064061125415969e-04 4.684957536522429411e-01 4.681276235028335453e-01 4.682153341815804004e-01
1.350000000000000000e+01 3.885733248832807796e-01 4.899270820651494551e-01 4.823626387712628971e-01 4.753766097045721839e-01 4.754650185164681631e-01 4.758279185427572444e-01 -1.455801545160310129e-01 -9.294518341726668020e-02 -8.833508402758775968e-02 -5.921698192552618577e-04 -8.145631666205515307e-05 -2.585952275951969477e-04 4.747844398853166559e-01 4.753835621998060423e-01 4.755693233151618293e-01
1.400000000000000000e+01 3.897763876351770240e-01 4.869500756536171426e-01 4.796699330485434953e-01 4.835412218191874056e-01 4.841018188792066135e-01 4.841576382109749055e-01 -1.007910478620213102e-01 -3.008803487274960397e-03 -8.070839794291052860e-03 5.473901060676841925e-05 -1.651111725861437933e-04 -1.977270694372513972e-06 4.835959608297946688e-01 4.839367077066208944e-01 4.841556609402801747e-01
1.450000000000000000e+01 4.088204291997015183e-01 4.516360922534638500e-01 4.532214690912406141e-01 4.925510078466894814e-01 4.922035931517663165e-01 4.931870338738002513e-01 -1.144276659130872981e-01 -6.996079713542271983e-02 -6.234065724064041802e-02 -8.823465810977543862e-05 -1.144033417214778515e-04 -2.658542864533043745e-04 4.924627731885799498e-01 4.920891898100449025e-01 4.929211795873471025e-01
1.500000000000000000e+01 4.449877652656259452e-01 4.635109639853794428e-01 4.605477394927174895e-01 5.013626126200673161e-01 5.008358401142780636e-01 5.022966896552959470e-01 -9.907737962884226313e-02 -8.414514022227607970e-02 -8.288920530826976441e-02 -1.390562226791137437e-03 -1.010250251543072476e-03 -9.101027037698747151e-04 4.999720503932763571e-01 4.998255898627357863e-01 5.013865869515263807e-01
1.550000000000000000e+01 4.088390173459752197e-01 4.567676645365785770e-01 4.525142164929799593e-01 5.097786931215909645e-01 5.093819875242778794e-01 5.114825703265024615e-01 -1.563152404928482841e-01 -1.281262144738326558e-01 -1.208020211071617195e-01 -4.966466280478837748e-04 -2.862043164329558737e-04 -7.975340564211183449e-04 5.092820464935429170e-01 5.090957832078447654e-01 5.106850362700814383e-01
1.600000000000000000e+01 3.775696152913981529e-01 4.922003154061948549e-01 4.988878856817173246e-01 5.195694766627239058e-01 5.187488609512829196e-01 5.209482037052749481e-01 -2.039774749245811536e-01 -1.468992915983126091e-01 -1.229865835395752283e-01 -7.547665478482784649e-05 -5.665367143431921000e-04 6.756841797414520458e-05 5.194940000079388831e-01 5.181823242369403282e-01 5.210157721232488992e-01
1.650000000000000000e+01 3.860092252906263122e-01 5.086917689123483521e-01 4.948727838861404216e-01 5.293499280023646891e-01 5.277879699718329709e-01 5.303785258841388073e-01 -1.485790933717052731e-01 -2.341710468118255589e-02 -3.798104930988548816e-02 -1.631121078475364144e-03 -1.416476153266436064e-03 -1.293514911906298252e-03 5.277188069238895052e-01 5.263714938185655168e-01 5.290850109722315953e-01
1.700000000000000000e+01 4.010875381423389396e-01 4.571536544030096461e-01 4.588849517828308966e-01 5.386299866582955342e-01 5.372540324992970406e-01 5.392002511308000567e-01 -1.694359359608871851e-01 -1.103424100863683033e-01 -1.045811127674331764e-01 -1.866494781921638124e-03 -1.132739094243990878e-03 -1.241265906472866463e-03 5.367634918763741769e-01 5.361212934050532120e-01 5.379589852243268355e-01
1.750000000000000000e+01 4.300228098444663360e-01 4.809636492950157272e-01 4.749582151177560441e-01 5.472747621830453824e-01 5.452177292242484929e-01 5.477088827703953111e-01 -1.672122438155976831e-01 -1.249477863660766186e-01 -1.135435679766813311e-01 -7.014213092854685791e-04 -8.313428292680909333e-04 2.841378712426324265e-06 5.465733408737588617e-01 5.443863863949807147e-01 5.477117241491078481e-01
1.800000000000000000e+01 4.011148340670838697e-01 4.723950569929564747e-01 4.770731293843023524e-01 5.550203266918345424e-01 5.534438772388833305e-01 5.557757880540891149e-01 -2.169527569815070667e-01 -1.690859464838818660e-01 -1.462111573617218274e-01 1.894630448184249165e-04 -2.992756094935332769e-04 1.816179621962371756e-04 5.552097897366521373e-01 5.531446016293888324e-01 5.559574060162847386e-01
1.850000000000000000e+01 3.918939451228616311e-01 4.946767465718039380e-01 5.175755112940358948e-01 5.622636954694858469e-01 5.608775558341348999e-01 5.633177136151745756e-01 -2.423566944824279978e-01 -2.076257284807201953e-01 -1.568834739115509136e-01 -8.609010377194841824e-04 -5.595178434795180459e-04 -5.440229259819395801e-04 5.614027944317665497e-01 5.603180379906551600e-01 5.627736906891921409e-01
1.900000000000000000e+01 4.026935676582547585e-01 5.187418775898930967e-01 5.201920886629710639e-01 5.681447691439932557e-01 5.668231257419431568e-01 5.692556197951476049e-01 -1.729106023691057425e-01 -5.377754986680537835e-02 -5.283816654583641664e-02 -1.137030245452427075e-03 -1.260612501226942043e-03 -9.772389572011814466e-04 5.670077388985408362e-01 5.655625132407164912e-01 5.682783808379467949e-01
1.950000000000000000e+01 4.285145610258050963e-01 4.900735283679305554e-01 4.860808093394278218e-01 5.737747593420166048e-01 5.724747117977874167e-01 5.745501798266071658e-01 -1.810839361580691420e-01 -1.185631440813153109e-01 -1.138916206107272455e-01 -9.304848278394565759e-04 -6.123727303542654803e-04 -4.114252494722405395e-04 5.728442745141767434e-01 5.718623390674336671e-01 5.741387545771350354e-01
2.000000000000000000e+01 4.475396680123320814e-01 4.873654751045807254e-01 4.935855098261500151e-01 5.778990237062685553e-01 5.765775780094447578e-01 5.782503836147676601e-01 -1.866325673694876619e-01 -1.592144861247693499e-01 -1.305157009614722197e-01 -2.108993005539113851e-03 -9.163458210783402428e-04 -1.077268740681369902e-03 5.757900307007296492e-01 5.756612321883655126e-01 5.771731148740862904e-01
2.050000000000000000e+01 4.398100343645391375e-01 4.934424554811174257e-01 5.091440715897238567e-01 5.813923144794628239e-01 5.803164295775002923e-01 5.811897161173303905e-01 -2.117130310981944208e-01 -1.869668816651729737e-01 -1.440431336281166597e-01 -1.633394836466534527e-03 -4.206051262445683497e-04 -7.011975899940682240e-04 5.797589196429966396e-01 5.798958244512560922e-01 5.804885185273367387e-01
2.100000000000000000e+01 4.168686660466069949e-01 5.333451466522359796e-01 5.391762290158348403e-01 5.835970770452753031e-01 5.831351984002541844e-01 5.837806958886107012e-01 -2.466640858525090130e-01 -2.112862874861959894e-01 -1.668550738259168553e-01 -1.553132080857165184e-03 -1.249761407307104985e-03 -9.873037051933868970e-04 5.820439449644185803e-01 5.818854369929470360e-01 5.827933921834169695e-01
2.150000000000000000e+01 4.089030042855384961e-01 5.395786912374617161e-01 5.274962235701466939e-01 5.849331592804203339e-01 5.845962638446005055e-01 5.852388763070617284e-01 -1.832672964861829512e-01 -5.115606533442927650e-02 -6.149561363551531851e-02 -1.629562244384571805e-03 -1.281298643281210793e-03 -9.282763165007368745e-04 5.833035970360361810e-01 5.833149652013194242e-01 5.843105999905606751e-01
2.200000000000000000e+01 4.359142196801726321e-01 4.863567859002786986e-01 4.945058439381114224e-01 5.861373204377234858e-01 5.852547932190084179e-01 5.859861312790766164e-01 -1.870121580238943981e-01 -1.355521568287327838e-01 -1.182650138390665961e-01 -1.500245266742445934e-03 -1.356940040806228461e-03 -6.610286993437220664e-04 5.846370751709806246e-01 5.838978531782028636e-01 5.853251025797323592e-01
2.250000000000000000e+01 4.542983004002256742e-01 4.985528379093184248e-01 4.857594993693854502e-01 5.867318617549269755e-01 5.867688252420512063e-01 5.869212599705233568e-01 -1.921471153529134002e-01 -1.582376486627777579e-01 -1.522167818728879796e-01 -8.507188271246560749e-04 -7.799160109764433513e-04 -8.008574018765649916e-04 5.858811429278033556e-01 5.859889092310756054e-01 5.861204025686476138e-01
2.300000000000000000e+01 4.484490269934962026e-01 4.997135449988686640e-01 5.066527131674530837e-01 5.869786275214142757e-01 5.872306974323031614e-01 5.867925938724586343e-01 -2.088665976551888903e-01 -1.862707676127202672e-01 -1.552646272450959875e-01 -4.545249949362116927e-04 -3.222321740525597327e-04 -3.633164737840777550e-04 5.865241025264783525e-01 5.869084652582491346e-01 5.864292773986745644e-01
2.350000000000000000e+01 4.212581196115208204e-01 5.392454508870921925e-01 5.396465478216072587e-01 5.872031597663877056e-01 5.876201621831649291e-01 5.865807308130938091e-01 -2.488937647202835168e-01 -2.149666276159099554e-01 -1.779212683372705384e-01 -2.462773204799508647e-03 -1.554786486962682476e-03 -1.805121359371590455e-03 5.847403865615887764e-01 5.860653756962023175e-01 5.847756094537219784e-01
2.400000000000000000e+01 4.248074175099219030e-01 5.315459372260350479e-01 5.361726132744208950e-01 5.873527840754133589e-01 5.872019547923932326e-01 5.869206251926852858e-01 -1.709994464812310544e-01 -6.306231430219001732e-02 -5.536438455226094096e-02 -1.382148515206383125e-03 -6.084920117758669308e-04 -8.544013181089494136e-04 5.859706355602063432e-01 5.865934627806173030e-01 5.860662238745771857e-01
2.450000000000000000e+01 4.491093393876782192e-01 4.993421580495033263e-01 5.030025986024820872e-01 5.863826706122000632e-01 5.866127443981332679e-01 5.863958414317228529e-01 -1.790870619721621482e-01 -1.261788180375024437e-01 -1.141574545609606028e-01 -7.679902945247591524e-04 -1.304047330522090618e-03 -1.552604749012574800e-03 5.856146803176754956e-01 5.853086970676110168e-01 5.848432366827097661e-01
2.500000000000000000e+01 4.402736132497042099e-01 4.855316359378381574e-01 4.856403681893515789e-01 5.869311639724432705e-01 5.868165643006854060e-01 5.870464436338834746e-01 -2.081729144952263189e-01 -1.729277108307215038e-01 -1.545355029810089875e-01 -2.169842187097140683e-03 -1.370340615899652949e-03 -1.754427357675146038e-03 5.847613217853459000e-01 5.854462236847849388e-01 5.852920162762081935e-01
2.550000000000000000e+01 4.465442049862774487e-01 4.952685527591339509e-01 5.140309515366526805e-01 5.867259569007358122e-01 5.862944384709961598e-01 5.872622141323052825e-01 -2.159685999877108131e-01 -1.954101513468376461e-01 -1.564310176829386556e-01 -1.564789671293154334e-03 -6.541286667579031440e-04 -8.276007108840061251e-04 5.851611672294423361e-01 5.856403098042382016e-01 5.864346134214212247e-01
2.600000000000000000e+01 4.435080830635047544e-01 5.434930046205449505e-01 5.546757959685839623e-01 5.870389472309136547e-01 5.861332998754515966e-01 5.869474127706927336e-01 -2.252089809124660225e-01 -2.014578103643560048e-01 -1.644728183952589295e-01 -9.286763639937373020e-04 -1.534495051460600190e-04 -4.699577788209839549e-04 5.861102708669188033e-01 5.859798503703060879e-01 5.864774549918715385e-01
2.650000000000000000e+01 4.487506661332211766e-01 5.451021807146545495e-01 5.442544910051128060e-01 5.870303691033490479e-01 5.866914311345641231e-01 5.863831526246521264e-01 -1.468925389056535691e-01 -4.797108604655633823e-02 -4.664166914746788184e-02 -6.066014416475167502e-04 -7.275803778817643147e-04 -1.050456095553372899e-03 5.864237676617014561e-01 5.859638507566823362e-01 5.853326965290991390e-01
2.700000000000000000e+01 4.707233766949487919e-01 5.066390964249704032e-01 5.188474803291048820e-01 5.865507542971354349e-01 5.868415383706386823e-01 5.866837562658674399e-01 -1.597666865470795394e-01 -1.215069600011851880e-01 -1.014399541597997972e-01 -2.747052920042288276e-04 1.488183252727101310e-04 -2.572584247602750849e-04 5.862760490051315276e-01 5.869903566959113750e-01 5.864264978411075635e-01
2.750000000000000000e+01 4.640170182931116494e-01 5.167879764790727082e-01 4.937719229681248323e-01 5.863045692976538437e-01 5.867437784822445712e-01 5.868681613041668577e-01 -1.831936121572525777e-01 -1.380270969698474404e-01 -1.490125701132912761e-01 -1.620495508941605664e-03 -1.269840867896884513e-03 -1.028312755283283808e-03 5.846840737887123440e-01 5.854739376143477392e-01 5.858398485488833796e-01
2.800000000000000000e+01 4.595710290312509105e-01 5.214649232119655808e-01 5.025061591052131238e-01 5.862822762614346983e-01 5.866006638270929718e-01 5.865837645783413823e-01 -2.045913621427788154e-01 -1.737489464636544079e-01 -1.667973411306414300e-01 -1.359247364736432089e-03 -7.626932622104710523e-04 -9.216075807928165780e-04 5.849230288966977831e-01 5.858379705648826263e-01 5.856621569975478669e-01
2.850000000000000000e+01 4.346270065754921363e-01 5.356872573234768842e-01 5.474045452680950108e-01 5.859165900681019279e-01 5.853109016880905235e-01 5.862760981446223374e-01 -2.361467119379885848e-01 -2.122567861924438137e-01 -1.727879683997383675e-01 -9.255004780714502647e-04 -9.357076229618266870e-04 -1.272163100440566437e-03 5.849910895900319874e-01 5.843751940651289445e-01 5.850039350441816888e-01
2.900000000000000000e+01 4.363886535474379991e-01 5.362705820677549085e-01 5.372595025584995243e-01 5.855522313940146883e-01 5.853502004650722457e-01 5.856406038022363703e-01 -1.588565847096077288e-01 -5.657998869863092861e-02 -5.241522942795349971e-02 3.013788490816748022e-04 -5.419608357476921566e-04 -7.472493588173389741e-04 5.858536102430967896e-01 5.848082396293239338e-01 5.848933544434196108e-01
2.950000000000000000e+01 4.657015338533467275e-01 5.067908125995199686e-01 5.001416236473847921e-01 5.855868636420870077e-01 5.853743883451006935e-01 5.854293506830946514e-01 -1.637171866194326031e-01 -1.191699012752298337e-01 -1.187576995187580309e-01 -4.006831926356615851e-04 -7.037030365139870054e-04 -1.045405911930593441e-03 5.851861804494513652e-01 5.846706853085864575e-01 5.843839447711641766e-01
3.000000000000000000e+01 4.729645819683695462e-01 5.116991660752749915e-01 5.131531675508360646e-01 5.852985651603090922e-01 5.848790259344601727e-01 5.847127946577116431e-01 -1.768181272231421630e-01 -1.467689970303938385e-01 -1.275630156332496212e-01 -2.447473640767194219e-04 -6.267820675004420750e-04 -5.118524611657329117e-04 5.850538177962323338e-01 5.842522438669595086e-01 5.842009421965465021e-01
3.050000000000000000e+01 4.510172241590912900e-01 4.918963809430582090e-01 5.032428442284518910e-01 5.849232699214795828e-01 5.844008546942645044e-01 5.844084413433853209e-01 -2.124816448230028298e-01 -1.981029190117133687e-01 -1.689638274427459896e-01 -5.432604804223018207e-04 -4.639714492094332483e-04 -8.536377147638955038e-04 5.843800094410585011e-01 5.839368832450551050e-01 5.835548036286213325e-01
3.100000000000000000e+01 4.417338390478204313e-01 5.318616853756465979e-01 5.491985275287080137e-01 5.844718297208096880e-01 5.842670782575301036e-01 5.841109315729161588e-01 -2.331609306353679967e-01 -2.196984674544498195e-01 -1.795446553114360966e-01 3.237433841949271813e-05 3.878421916985020339e-05 -8.905101210199798008e-04 5.845042040592289823e-01 5.843058624767004661e-01 5.832204214518963425e-01
3.150000000000000000e+01 4.502538457360601432e-01 5.544370584883691055e-01 5.559893293086926036e-01 5.841086366012524511e-01 5.839547228301423809e-01 5.836532232093409878e-01 -1.434698356046931744e-01 -3.607875620785844922e-02 -3.363226120593132418e-02 -4.834458450615820618e-04 -9.033840656032265416e-04 -5.136767595300724279e-04 5.836251907561910146e-01 5.830513387645395174e-01 5.831395464498101422e-01
3.200000000000000000e+01 4.755991936640382445e-01 5.091169887052782173e-01 5.085894073821428663e-01 5.837707642770492145e-01 5.831036167896005429e-01 5.832165128724673409e-01 -1.522031549269537154e-01 -1.139455360267823542e-01 -1.093303560601899677e-01 1.551825302311745519e-04 5.244748724891486170e-05 6.962853618338529381e-05 5.839259468072809378e-01 5.831560642768495173e-01 5.832861414086506491e-01
3.250000000000000000e+01 4.611925360244071848e-01 5.187271521860081780e-01 5.086587042177198592e-01 5.837560004964507110e-01 5.824861659738351793e-01 5.822496442066683597e-01 -1.896773678716536793e-01 -1.397850323065361888e-01 -1.337787611959040945e-01 -7.766334599138550359e-04 -7.339629519040895191e-04 -4.328170514160025318e-04 5.829793670365365221e-01 5.817522030219309803e-01 5.818168271552520698e-01
3.300000000000000000e+01 4.573692738522676660e-01 5.003196310582174178e-01 5.101322450495002769e-01 5.837707760383865629e-01 5.821777243552617165e-01 5.822892868080906670e-01 -2.048168015262643304e-01 -1.834886233570962588e-01 -1.634688250652722996e-01 -1.769827303291992508e-03 -1.630679895181027074e-03 -9.441212936245008212e-04 5.820009487350950028e-01 5.805470444600810964e-01 5.813451655144656893e-01
3.350000000000000000e+01 4.458979022872441300e-01 5.364381376647452404e-01 5.356162923257324904e-01 5.830490743731677750e-01 5.824678475487262697e-01 5.819296432077465386e-01 -2.277455060947852494e-01 -2.150707303173755025e-01 -1.919429292733363102e-01 -8.423148180170991935e-04 -9.575646191907984019e-04 -7.995658592541689215e-04 5.822067595551497776e-01 5.815102829295352160e-01 5.811300773484933124e-01
3.400000000000000000e+01 4.601750340664856331e-01 5.541274623073297878e-01 5.484802861774471516e-01 5.825256544613510723e-01 5.821610501787150005e-01 5.816970545854271979e-01 -1.323772169853613678e-01 -3.575514861729148230e-02 -3.860976592343778879e-02 -2.050195130564276070e-04 -5.351730927704120193e-04 -3.913180857970200788e-04 5.823206349482944466e-01 5.816258770859435989e-01 5.813057364996301324e-01
3.450000000000000000e+01 4.869062669649698027e-01 5.184434721174907557e-01 5.240212474024990019e-01 5.819107589452636731e-01 5.822545056407463226e-01 5.812750351522972814e-01 -1.397938088077524121e-01 -1.045334265130329343e-01 -9.296479742131601165e-02 -1.149457817132368926e-03 -8.417847390382374433e-04 -7.438431282237169088e-04 5.807613011281304027e-01 5.814127209017083686e-01 5.805311920240729950e-01
3.500000000000000000e+01 4.831769447985641563e-01 5.152718412948945614e-01 5.108736816129898495e-01 5.816331958243526890e-01 5.823048005329284349e-01 5.812661679340748178e-01 -1.676066497388273568e-01 -1.444632520567288303e-01 -1.319944362073981192e-01 -5.407233745101759160e-04 -5.175056581447100897e-04 -7.422691315448307374e-04 5.810924724498429672e-01 5.817872948747828676e-01 5.805238988025300806e-01
3.550000000000000000e+01 4.719620216215132946e-01 5.173932230765235785e-01 5.084824925153601516e-01 5.813591652103927698e-01 5.816377499941028928e-01 5.803844772677406727e-01 -1.902038213638601871e-01 -1.699911369676000150e-01 -1.617454010381277618e-01 -1.706549770480190195e-03 -8.065239104276772202e-04 -1.571803736943548808e-03 5.796526154399115338e-01 5.808312260836752117e-01 5.788126735307981274e-01
3.600000000000000000e+01 4.432359815325386809e-01 5.515047972779909546e-01 5.437816337763846652e-01 5.812191203045415921e-01 5.815294959905422667e-01 5.807587451834077541e-01 -2.319395899664075666e-01 -2.048145926818184248e-01 -1.914730308684091109e-01 -2.202063562952485932e-04 -5.422555911707112927e-04 -5.621704599672381188e-05 5.809989139482467646e-01 5.809872403993718848e-01 5.807025281374106340e-01
3.650000000000000000e+01 4.367137267163134773e-01 5.372181451709752142e-01 5.283591872516635313e-01 5.802866942278787077e-01 5.801326861944992030e-01 5.799234844184006921e-01 -1.541713010459351552e-01 -5.068847031622692595e-02 -5.739528680287746265e-02 -1.442600071778720708e-04 -7.301953568786527125e-04 -5.879364287779846382e-04 5.801424342207009976e-01 5.794024908376202987e-01 5.793355479896231675e-01
3.700000000000000000e+01 4.621629605558448262e-01 5.057527668218428918e-01 5.029949481207416362e-01 5.817769700035840819e-01 5.821171293257993984e-01 5.811612067709969187e-01 -1.681402030257546920e-01 -1.206172897940087224e-01 -1.160963879918373715e-01 -1.063422710758156172e-03 -1.564805152826759336e-03 -8.854099436880949860e-04 5.807135472928260933e-01 5.805523241729718675e-01 5.802757968273083433e-01
3.750000000000000000e+01 4.945262112674911337e-01 5.165167341875611662e-01 5.043452860905852653e-01 5.799438263554351769e-01 5.800114773715170369e-01 5.793190881202824327e-01 -1.536024973119792525e-01 -1.383616281594765296e-01 -1.378986021965199482e-01 -1.003074954299444438e-03 -1.158295985808237283e-03 -6.524532234245912152e-04 5.789407514011362110e-01 5.788531813857082930e-01 5.786666348968575457e-01
3.800000000000000000e+01 4.907401177534052028e-01 5.343436210345007265e-01 5.193186410574547329e-01 5.855613169568634202e-01 5.860489503713635084e-01 5.855856064576138165e-01 -1.830297410068787989e-01 -1.665062663645001662e-01 -1.771299292173688922e-01 -8.965691030727974227e-04 -6.544862834881251404e-04 -1.031116421261726781e-03 5.846647478537907450e-01 5.853944640878757655e-01 5.845544900363510710e-01
3.850000000000000000e+01 4.953745561211626569e-01 5.580547151063695033e-01 5.643057918987711696e-01 6.340930952197011417e-01 6.337219141707781667e-01 6.329624392321835380e-01 -1.350546568641471379e-01 -1.366135073199160610e-01 -1.372174703273664198e-01 -1.159039341534605502e-04 6.895222308684356726e-05 -7.425591603597089677e-04 6.339771912855479696e-01 6.337908663938652820e-01 6.322198800718245026e-01
3.900000000000000000e+01 4.778928745312309712e-01 6.064741458507426630e-01 6.010406133541903451e-01 6.537077744083624742e-01 6.528552750473215482e-01 6.517927929237518070e-01 -1.003481800138170121e-01 -2.081302542240695205e-02 -2.659536408649429418e-02 -1.660065741952379428e-04 -3.705791442486379948e-04 -1.302511849796299855e-03 6.535417678341677306e-01 6.524846959030728977e-01 6.504902810739556784e-01
3.950000000000000000e+01 3.295581629344541130e-01 4.809665197089502131e-01 4.855497198978289131e-01 5.619757628293174934e-01 5.599649368155081852e-01 5.594183729677102423e-01 -7.951055427641216811e-02 -3.410999864329177650e-02 -3.141387896690604753e-02 -7.896884503772241002e-04 -7.005763326920634148e-04 -3.512878673049454588e-04 5.611860743789406358e-01 5.592643604828161363e-01 5.590670851004059250e-01
4.000000000000000000e+01 2.369042709383739620e+00 1.026458572375302580e+00 1.029128700305767419e+00 4.918631928216482541e-01 4.905071332805064910e-01 4.895374830124252230e-01 4.328563871143082699e-03 1.565466732371751952e-03 1.360923541162235894e-03 9.519998801361920400e-04 -8.653376580476143502e-05 -1.832244442876514883e-04 4.928151927017851430e-01 4.904205995147015162e-01 4.893542585681368018e-01
4.250000000000000000e+01 -8.624431239962034035e-02 2.514985408006320533e-01 2.535097700244599572e-01 5.799171019123524617e-01 5.800450166607453717e-01 5.791793655005887942e-01 3.499906960468562521e-06 1.427741719476339119e-05 7.046812011794235342e-06 -1.124130983309218866e-03 -2.666029121694807433e-04 3.225172483044653430e-04 5.787929709290434710e-01 5.797784137485760825e-01 5.795018827488929158e-01
4.500000000000000000e+01 1.065075751172002601e-02 2.852727803161733688e-01 2.778176471655537938e-01 5.778695337435149071e-01 5.793621004386260154e-01 5.791358395793242408e-01 -2.059858021256069709e-05 -1.661534753009756403e-05 -1.740432020369964676e-05 -1.381802418217035772e-03 -2.710218664713361742e-04 -5.205722193216162771e-04 5.764877313252978475e-01 5.790910785721539167e-01 5.786152673600026830e-01
4.750000000000000000e+01 1.998133818453145995e-03 2.889891226220825948e-01 2.958548706388370308e-01 5.764983330410139439e-01 5.779155501149553231e-01 5.755088653973633450e-01 -3.029814236671725841e-05 -1.625826764091402158e-05 -1.398237547073111851e-05 -7.663734500611606376e-04 -7.341823604904960411e-05 -4.080384403385876402e-04 5.757319595909531351e-01 5.778421318789068728e-01 5.751008269570236919e-01
5.000000000000000000e+01 1.494315610055644769e-02 2.753057323316225879e-01 2.864253923035206539e-01 5.746843547003211983e-01 5.756085779746277220e-01 5.738557916188982144e-01 -8.490245570283959714e-06 6.013734468176787429e-06 -9.542520512263051572e-06 -1.784547895367737515e-04 -5.182901129933642579e-04 -5.386121172248843668e-04 5.745058999107846009e-01 5.750902878616349634e-01 5.733171795016731576e-01
5.250000000000000000e+01 1.789667928250142370e-02 2.735117201370482198e-01 2.896734959948631949e-01 5.726356174609734673e-01 5.731547115401466330e-01 5.730893264914055374e-01 -2.031019412666280077e-05 -1.234928122040147470e-05 -9.127649435046517713e-06 -9.423112516414342910e-04 -3.911445419172148862e-04 -5.781224028126163029e-04 5.716933062093325635e-01 5.727635669982305000e-01 5.725112040885931286e-01
5.500000000000000000e+01 1.212399413134338313e-02 2.830999782263953213e-01 2.752797748779923226e-01 5.706003463891912153e-01 5.707243949215029533e-01 5.708737549684302914e-01 -2.017821274154492990e-05 -1.523961319127278511e-05 -1.244338465785673389e-05 -8.073612543256082456e-04 -3.040632003494478939e-04 -2.704964160863449645e-04 5.697929851348655372e-01 5.704203317211534729e-01 5.706032585523436174e-01
5.750000000000000000e+01 6.902774168933532503e-03 2.685099346167856837e-01 2.768416632753995521e-01 5.695558994128817609e-01 5.692223983548801991e-01 5.684886829696484956e-01 -2.960474572066690155e-05 -1.834869386246252334e-05 -2.158771205126815940e-05 -1.526118645497765835e-03 -6.413798829544885760e-04 -8.814368844461915051e-04 5.680297807673833077e-01 5.685810184719255478e-01 5.676072460852026325e-01
6.000000000000000000e+01 1.123246140734055105e-02 2.803697353207231235e-01 2.832893201714186127e-01 5.690646027443171384e-01 5.674786703967715784e-01 5.669679587571710977e-01 1.567934259317273351e-05 3.545644559091367526e-05 1.144285855904802367e-05 -1.545288114644380708e-03 -1.035370663619044999e-03 -7.328196353672099131e-04 5.675193146296736435e-01 5.664432997331533270e-01 5.662351391218040098e-01
6.250000000000000000e+01 -6.393425272223468916e-03 2.670418823651015128e-01 2.707234977386435149e-01 5.670225240578667947e-01 5.659725812026414893e-01 5.658227503380706125e-01 -1.769662879941612110e-06 9.114424976273843531e-06 -1.718855798891444080e-06 -6.565116453602609214e-04 -7.184149722241353012e-04 -3.420628028911321789e-04 5.663660124125067252e-01 5.652541662304175762e-01 5.654806875351801043e-01
6.500000000000000000e+01 2.868516104401516720e-03 2.774701285943793616e-01 2.827102764916559763e-01 5.652594676147235653e-01 5.659897467194985321e-01 5.645033368047738254e-01 5.525261322974710487e-05 3.132881305367245906e-06 -1.487315298328709459e-05 -1.072456871769413662e-03 -6.107866434048009980e-04 -5.727384896516572645e-04 5.641870107429536318e-01 5.653789600760933398e-01 5.639305983151227109e-01
6.750000000000000000e+01 2.915022764672787732e-04 2.703883740583667428e-01 2.747175851700145444e-01 5.641772630997314852e-01 5.646829161401060171e-01 5.641169513841245431e-01 -2.763584295855392729e-05 -9.525425030858203460e-06 -3.180144032066718147e-06 -1.239032313463902992e-03 -4.905804590244829295e-04 -5.147379647520492190e-04 5.629382307862675905e-01 5.641923356810815138e-01 5.636022134193734434e-01
7.000000000000000000e+01 -3.677979950109619076e-03 2.695764330069877479e-01 2.758096131426054365e-01 5.629321528831221499e-01 5.625293389752740181e-01 5.637706819259342694e-01 9.082178766020677238e-06 -8.915918412473420774e-08 2.554418256719849891e-05 -1.674554584576053119e-03 -6.041211111733012489e-04 -6.582499161328952053e-04 5.612575982985459344e-01 5.619252178641011009e-01 5.631124320098018776e-01
7.250000000000000000e+01 -6.692610097946088618e-03 2.697494137468361419e-01 2.669121887251882375e-01 5.619154317877776972e-01 5.610617456891712207e-01 5.627888899782884646e-01 -9.222456940770292055e-06 -1.305942582510491333e-05 -3.716262643268667851e-06 -5.847110138613593458e-04 2.051104594694015920e-04 -3.558780610002919590e-04 5.613307207739163252e-01 5.612668561486404695e-01 5.624330119172882281e-01
7.500000000000000000e+01 1.795918104659856990e-02 2.816215301990087627e-01 2.905375739926633338e-01 5.612342120429689718e-01 5.605807419647614864e-01 5.619770104315919834e-01 1.327374542603395321e-05 -1.176147190102369786e-05 3.258762196161679655e-06 -1.144867540108324101e-03 -5.161229791482624049e-04 -6.290172247801617403e-05 5.600893445028607420e-01 5.600646189856136603e-01 5.619141087091137354e-01
7.750000000000000000e+01 -1.157023374562843147e-02 2.753274955429023674e-01 2.731754124674340978e-01 5.599502693705413758e-01 5.600654819535773044e-01 5.598957489764386786e-01 1.670350676782356581e-05 3.098429937451992366e-07 1.796623730666069125e-05 -1.141768635271126972e-03 -3.165996840012247826e-04 -2.050634051149691502e-05 5.588085007352701084e-01 5.597488822695759758e-01 5.598752426359270284e-01
8.000000000000000000e+01 1.301075931505492854e-02 2.757064942179110467e-01 2.737690684027145882e-01 5.553537112364915762e-01 5.548737224704619608e-01 5.544701853185322049e-01 -1.276816449671853207e-05 -9.551384524843195803e-06 1.936441867570076701e-05 -1.369820170922900508e-03 -9.570477039219142884e-04 -6.582878792970754938e-04 5.539838910655692228e-01 5.539166747665400514e-01 5.538118974392350902e-01
8.250000000000000000e+01 -5.489806240773157514e-02 1.686726889675186636e-01 1.608478042285833021e-01 4.756013688052482813e-01 4.751411428982122431e-01 4.753811445254781387e-01 -9.068419577751936009e-05 -4.668054564224220472e-05 1.998873932683266959e-04 -8.709864932004348368e-04 -4.799716314758667576e-04 -4.605765258462071027e-04 4.747303823120473942e-01 4.746611712667365146e-01 4.749205679996315044e-01
8.500000000000000000e+01 2.806830607291246546e-02 1.137803539135080477e-01 1.154457264660774946e-01 2.589502002520456259e-01 2.597429996759312854e-01 2.593241063721072326e-01 -2.584603795581649158e-03 -1.934423862408397735e-03 -1.794373786372958869e-03 -5.977953612181286826e-04 -1.609237253342997475e-04 -2.786772650470072522e-04 2.583524048908273363e-01 2.595820759505969022e-01 2.590454291070601323e-01
8.750000000000000000e+01 3.571659709898862556e-02 4.671782036902863422e-02 4.429135774895912037e-02 6.505696834845603460e-02 6.569077486827222534e-02 6.529999402588700097e-02 -8.910784154975419803e-04 -4.981562543790177744e-04 -7.957823188323346437e-04 -7.629190978755627226e-08 -1.045785243736349785e-05 -1.164289234756110892e-04 6.505689205654623108e-02 6.568031701583486315e-02 6.518356510241136992e-02
9.000000000000000000e+01 7.790826534252994102e-03 8.096310633575376850e-03 7.853857691207407829e-03 8.032935009749232400e-03 8.233406528597348589e-03 8.051432186879887293e-03 5.655527267109382338e-05 6.987374898815705863e-06 1.524802235183326679e-05 -4.834718033665536804e-05 -1.286979424529222233e-05 -1.741949599690459998e-05 7.984587829412569462e-03 8.220536734352057104e-03 8.034012690882982866e-03
9.250000000000000000e+01 4.388212907330570761e-03 4.224297503489045716e-03 4.295234158699846004e-03 4.534883598606118636e-03 4.252835226963350840e-03 4.392884487973473806e-03 -8.595795928999168094e-06 -3.227809553773212824e-06 -4.782111786673412903e-06 5.765164050630473215e-07 1.732982880240486751e-06 4.865123581155176546e-06 4.535460115011181841e-03 4.254568209843589792e-03 4.397749611554627527e-03
9.500000000000000000e+01 4.344943703347057228e-03 4.158499909391735923e-03 4.242403299003223716e-03 4.521688093623304691e-03 4.251787583203006649e-03 4.382009627526580256e-03 -7.883876730872002732e-06 -7.527062821458786951e-06 -4.133249554373273503e-06 -6.485935029769311167e-05 -3.809813733581329472e-05 -6.229490405401746261e-05 4.456828743325612352e-03 4.213689445867193489e-03 4.319714723472561912e-03
9.750000000000000000e+01 4.377485483414541440e-03 4.271764512475501215e-03 4.403316112522952762e-03 4.498406464470011863e-03 4.420663003007183067e-03 4.495537070022344664e-03 -2.002751757736286194e-05 -6.249715489916509372e-06 -3.659035230503156770e-06 -3.592947531493160038e-05 -2.698766657063444762e-05 -2.108715906810117603e-05 4.462476989155078101e-03 4.393675336436544954e-03 4.474449910954244464e-03
