#x_pos #P_tot_x #P_tot_y #P_tot_z #P_v2_x #P_v2_y #P_v2_z #P_obs_par_x #P_obs_par_y #P_obs_par_z #P_par_par_x #P_par_par_y #P_par_par_z #P_par_v2_x #P_par_v2_y #P_par_v2_z 
-9.750000000000000000e+01 1.413357081145067695e-01 1.407900573346417827e-01 1.444785687198821555e-01 1.389982088334423549e-01 1.393679519908546105e-01 1.402797950056288157e-01 -3.228186335599253054e-05 -4.671334913995749632e-05 -1.830498827375745942e-05 -9.936142953000062404e-05 -8.189634825032453649e-05 -4.233978956088501830e-05 1.388988474039123400e-01 1.392860556426041840e-01 1.402374552160678967e-01
-9.500000000000000000e+01 1.305739661007812857e-01 1.321670833892316099e-01 1.359053755994197865e-01 1.394160071372396170e-01 1.387798299915941891e-01 1.382947525571260050e-01 -1.761753956722475633e-05 -1.180622586215758682e-05 -8.741865216583672753e-06 -3.522410228726357423e-04 -3.815692351225415590e-04 1.471116399441236612e-04 1.390637661143669657e-01 1.383982607564717138e-01 1.384418641970702468e-01
-9.250000000000000000e+01 1.227944475051874762e-01 1.318334295907102327e-01 1.258730150887648891e-01 1.389763059225113950e-01 1.380871245096217670e-01 1.371325447296037336e-01 -7.893056162787482678e-05 -2.365397091421402593e-05 -4.958700449846235099e-05 -1.031846029169659933e-04 -9.305517317281304006e-05 -4.126727779347441789e-05 1.388731213195944780e-01 1.379940693364490045e-01 1.370912774518101840e-01
-9.000000000000000000e+01 1.330643849293008385e-01 1.357329894130704373e-01 1.363764459009907948e-01 1.369712326380978507e-01 1.357922255596779593e-01 1.368376923155354974e-01 -4.200038025443848268e-05 -1.959086571609449124e-05 -3.786952341852177457e-05 3.111919490117067392e-05 5.926538963547157719e-04 3.017848712230648107e-04 1.370023518329990808e-01 1.363848794560326150e-01 1.371394771867585349e-01
-8.750000000000000000e+01 1.367834081394235513e-01 1.369242610112950398e-01 1.403955609852285125e-01 1.370279526779734081e-01 1.360216972363053611e-01 1.364779906665015696e-01 7.059004787838180127e-05 5.270894672215930334e-05 1.791880914713757139e-05 6.998150119824482441e-04 1.017466686861866285e-03 4.933382341256092657e-04 1.377277676899558434e-01 1.370391639231673120e-01 1.369713289006272150e-01
-8.500000000000000000e+01 1.255004962422500425e-01 1.336119007947930426e-01 1.333617958842037432e-01 1.403154005838115892e-01 1.378662825637396450e-01 1.380495903463519192e-01 -4.053310418333389568e-05 -1.683201200386042070e-05 -4.421183594650003119e-05 -5.538817956497381432e-04 -1.706775661865081787e-04 -7.570630299044586687e-05 1.397615187881618981e-01 1.376956049975531782e-01 1.379738840433614722e-01
-8.250000000000000000e+01 1.250508796818589341e-01 1.268775569295813588e-01 1.321510466034619136e-01 1.404185644076531292e-01 1.388040245950550589e-01 1.394434068760417589e-01 3.677015858095646029e-05 1.303846463651082505e-05 -3.563526213219013036e-06 -7.654746307200610686e-04 -5.998525408434271207e-04 -3.481306590819136545e-04 1.396530897769329427e-01 1.382041720542115382e-01 1.390952762169598844e-01
-8.000000000000000000e+01 1.268908447075610679e-01 1.309799697591351453e-01 1.324738100139898345e-01 1.365676461401573449e-01 1.366569948422279579e-01 1.378611757931223758e-01 2.438370392209988344e-05 -2.153490636769766903e-05 -3.980363882486673554e-05 6.954102293784238456e-04 -1.883230426108352764e-04 -1.811622673806686156e-04 1.372630563695358130e-01 1.364686717996171916e-01 1.376800135257416902e-01
-7.750000000000000000e+01 1.259089805023629327e-01 1.340378282192082882e-01 1.329143989813621751e-01 1.379632836437041377e-01 1.377513229534063632e-01 1.382110904926161510e-01 -1.553602454069489023e-05 -2.991978014365138008e-05 -2.463536302734637410e-05 -2.436854232364262884e-04 -9.171096167712596795e-05 1.646166311767069802e-04 1.377195982204677260e-01 1.376596119917291861e-01 1.383757071237928793e-01
-7.500000000000000000e+01 1.301999606125988640e-01 1.370800425602676786e-01 1.391794642217166200e-01 1.419511372943415561e-01 1.408058331887873105e-01 1.417855813579134150e-01 -4.070597011361799851e-06 -2.382795292598529730e-06 -2.801864100404850005e-06 -4.464773440600847587e-04 -3.748377427191950544e-04 -6.793721765348233806e-05 1.415046599502816083e-01 1.404309954460681020e-01 1.417176441402599740e-01
-7.250000000000000000e+01 1.352881728669017847e-01 1.381996998620126926e-01 1.365505353737358485e-01 1.435004759691642096e-01 1.413887306232345376e-01 1.421469214994573460e-01 -2.384839019792140427e-05 -1.928629744556122481e-05 8.193492729777935999e-06 8.276045578691483507e-04 3.953389224262953013e-04 4.515942479199790745e-04 1.443280805270333034e-01 1.417840695456608624e-01 1.425985157473773635e-01
-7.000000000000000000e+01 1.380245005148408310e-01 1.420965696431282510e-01 1.370337314771286896e-01 1.404942046848269288e-01 1.380702939982240696e-01 1.387741318010872194e-01 -5.583913061638385043e-05 -5.014261961604605486e-05 -2.997566234166622749e-05 -4.340485598054555469e-04 -3.908504237305845692e-04 -1.236553381500081516e-04 1.400601561250213734e-01 1.376794435744934930e-01 1.386504764629371833e-01
-6.750000000000000000e+01 1.389919348763981322e-01 1.338601886123687301e-01 1.376446289663493527e-01 1.373361359092830636e-01 1.348900360494265094e-01 1.363718746207501220e-01 1.369636053956379000e-04 1.022306024951149579e-04 5.355970121774407389e-05 -8.359941843084524576e-04 -5.051690003400259414e-04 -7.210972625941265354e-04 1.365001417249746274e-01 1.343848670490864761e-01 1.356507773581560328e-01
-6.500000000000000000e+01 1.331653659052144389e-01 1.318969819365385099e-01 1.387375066505497356e-01 1.367688465301562795e-01 1.356915321335848412e-01 1.359319804067154747e-01 -3.698826876759040344e-05 -1.007533945050444081e-05 -2.256012118560950827e-05 -3.787419925865897824e-04 1.156891473887372790e-04 -3.016942991203860414e-04 1.363901045375697785e-01 1.358072212809735280e-01 1.356302861075950328e-01
-6.250000000000000000e+01 1.273683837908873295e-01 1.385703580197469587e-01 1.344272559299372338e-01 1.360082648228225222e-01 1.376653086635956924e-01 1.355947429368618284e-01 -3.706170965402495960e-05 -5.253631325775032609e-05 -2.890560192212049282e-05 3.571139834573886537e-04 4.417807637557195997e-04 2.558511363671870471e-04 1.363653788062798855e-01 1.381070894273514205e-01 1.358505940732289419e-01
-6.000000000000000000e+01 1.337481102172842495e-01 1.439262724407793514e-01 1.398932558384744507e-01 1.347106769858680275e-01 1.369084422801185030e-01 1.350283870157867605e-01 -4.282990377024735354e-05 -2.255761494920451498e-05 -3.797739967328325793e-05 6.923102446151776048e-05 -2.472938938654346244e-04 1.938108389752868290e-04 1.347799080103295744e-01 1.366611483862530951e-01 1.352221978547619996e-01
-5.750000000000000000e+01 1.227728282068978605e-01 1.318613015943084499e-01 1.315783627932854416e-01 1.326201855231390891e-01 1.328308253395754923e-01 1.338110700513251983e-01 -4.498354205918822502e-05 -2.782694076988239689e-05 -3.863001304358661803e-05 -3.122775763973254502e-05 -1.352955631822433685e-05 -2.329158367636575922e-04 1.325889577654992824e-01 1.328172957832572110e-01 1.335781542145615119e-01
-5.500000000000000000e+01 1.244347947614260624e-01 1.331826912942014052e-01 1.319070673086419065e-01 1.314422132793995890e-01 1.307967278481197149e-01 1.328139624318515344e-01 8.249009734526604868e-05 1.534468546819330439e-06 2.909274890500850166e-05 -6.672056008442543750e-04 -5.154730750099854354e-04 -2.173999964224076478e-04 1.307750076785553495e-01 1.302812547731097836e-01 1.325965624354291106e-01
-5.250000000000000000e+01 1.267736099713941966e-01 1.347906417158690473e-01 1.290325233196865096e-01 1.323893807750358698e-01 1.335616487462921442e-01 1.329137120591447896e-01 -7.856175148140955928e-06 -5.461820178421293103e-06 -4.592414158445179522e-06 1.034843993686951433e-03 9.544858339428279135e-04 -9.735470425714475148e-05 1.334242247687228433e-01 1.345161345802349528e-01 1.328163573548875875e-01
-5.000000000000000000e+01 1.240122213089193681e-01 1.329048056380237874e-01 1.305688498869345127e-01 1.373530292687183130e-01 1.379347204775533131e-01 1.368172207904233550e-01 -1.335132907162199881e-05 -6.577849168577947940e-06 -8.637782636058999894e-06 2.275358964591247700e-04 3.257808705495458227e-04 3.413207307771521076e-04 1.375805651651774986e-01 1.382605013481028600e-01 1.371585415212005221e-01
-4.750000000000000000e+01 1.294645952669334632e-01 1.343961621465175060e-01 1.344146354912857944e-01 1.413830738069940529e-01 1.401003910858864276e-01 1.396205997705481650e-01 -3.672304283613927225e-05 -1.227206636486403560e-05 -1.104149077823376191e-05 4.574924033320439684e-04 3.297156292387489254e-05 -1.051306919198156237e-04 1.418405662103260911e-01 1.401333626488103223e-01 1.395154690786283291e-01
-4.500000000000000000e+01 1.339542759458127175e-01 1.364837711708112022e-01 1.379400644497264794e-01 1.406121403121072255e-01 1.403079488505865335e-01 1.383579441449669933e-01 -9.279981340359773595e-06 -1.740506205309312991e-06 -4.660776930337158371e-06 -1.725932904149294559e-04 -1.910748023415212459e-04 -1.311960317385842226e-05 1.404395470216922293e-01 1.401168740482450770e-01 1.383448245417931433e-01
-4.250000000000000000e+01 1.259035022528899594e-01 1.338283295222301994e-01 1.345808238685075875e-01 1.377636757622012209e-01 1.379789140530283120e-01 1.373921937627559653e-01 -3.450763052947618399e-06 -1.889769416067690587e-05 3.699081337590095749e-05 -1.126595315015226236e-04 3.607218807582555307e-05 7.707160116643209423e-04 1.376510162306996965e-01 1.380149862411041151e-01 1.381629097744202506e-01
-4.000000000000000000e+01 5.317808165594324343e-01 2.553666530456539241e-01 2.540829972312639295e-01 1.339164882107644616e-01 1.340759695815979535e-01 1.344511464665381628e-01 3.980994856711070340e-01 1.215171354667679143e-01 1.198748587341820493e-01 -2.351573224390761158e-04 -2.264520027119487004e-04 -2.430079694563655804e-04 1.336813308883254003e-01 1.338495175788859959e-01 1.342081384970818525e-01
-3.950000000000000000e+01 3.022392199184333328e-01 2.972127054791981471e-01 3.031001114901488713e-01 2.956490122414757726e-01 2.972189552412387026e-01 2.975222968717143313e-01 6.514886616941454635e-03 -4.530928361242566823e-05 5.785513683456578599e-03 7.532106001614032476e-05 3.905952157201290122e-05 -2.076990650220317497e-04 2.957243333014920039e-01 2.972580147628107183e-01 2.973145978066922823e-01
-3.900000000000000000e+01 2.553003579140489254e-01 2.534883542989997407e-01 2.634248866192442917e-01 2.424260583604156138e-01 2.432301321037995956e-01 2.449136983918449029e-01 1.350019578860020900e-02 1.092903916605605756e-02 1.917783240739354828e-02 -6.258962349667927935e-04 -6.708169708557810453e-04 -6.666441799941768805e-04 2.418001621254487477e-01 2.425593151329437924e-01 2.442470542118507781e-01
-3.850000000000000000e+01 2.260439176575141651e-01 2.182523448824811030e-01 2.292218744178258771e-01 2.129940871017258208e-01 2.152484041963453332e-01 2.165281189106302018e-01 1.394838036193467995e-02 3.435934821573747265e-03 1.257235996866693482e-02 -8.985498061463029294e-04 -4.319941354379646064e-04 1.213955385287018558e-04 2.120955372955795060e-01 2.148164100609072646e-01 2.166495144491589753e-01
-3.800000000000000000e+01 1.481965685386716913e-01 1.405928247553910604e-01 1.358920882324778368e-01 1.334473499576057376e-01 1.323740053082260726e-01 1.340554048455340763e-01 1.489322434299499356e-02 9.172195322179365826e-03 1.917637116894591260e-03 -1.440057619290349754e-04 -9.533758750144084903e-04 -8.095372995076207561e-05 1.333033441956766874e-01 1.314206294332116443e-01 1.339744511155832041e-01
-3.750000000000000000e+01 1.417595016552900822e-01 1.390177331912871017e-01 1.371389118816170039e-01 1.270354232639890057e-01 1.257242054528832365e-01 1.253731914080442600e-01 1.599868260992167585e-02 1.466035433899319507e-02 1.235571403514741824e-02 -1.274604218620539785e-03 -1.366826600589330027e-03 -5.899935615747349841e-04 1.257608190453684271e-01 1.243573788522939483e-01 1.247831978464695735e-01
-3.700000000000000000e+01 1.377083233246342298e-01 1.404560949088036192e-01 1.301686127942718318e-01 1.280930719751069702e-01 1.269667144446394447e-01 1.279000262932262766e-01 1.034397491823940522e-02 1.456694743614291715e-02 2.887042779481485688e-03 -7.287235687121325313e-04 -1.077566971978781386e-03 -6.184562784359447403e-04 1.273643484063948228e-01 1.258891474726606396e-01 1.272815700147904017e-01
-3.650000000000000000e+01 1.571439121543128370e-01 1.573638815803238278e-01 1.493187282941578209e-01 1.302160969069998675e-01 1.278796057319883939e-01 1.292246604602862725e-01 2.989791121033531091e-02 3.008573938234812561e-02 2.207254149841080329e-02 -2.970095963022298478e-03 -6.014635340126915945e-04 -1.978473664539226722e-03 1.272460009439775330e-01 1.272781421979757299e-01 1.272461867957470072e-01
-3.600000000000000000e+01 1.498317012708653695e-01 1.392167106319461833e-01 1.505253707909143535e-01 1.304852412538523021e-01 1.293049536390203369e-01 1.303797940641129860e-01 2.006062066338901162e-02 9.502268691281526292e-03 1.949420233276762116e-02 -7.141606463759331714e-04 4.094883016443367401e-04 6.513743940337651719e-04 1.297710806074763024e-01 1.297144419406646154e-01 1.310311684581467739e-01
-3.550000000000000000e+01 1.595881718159938290e-01 1.521096999643893610e-01 1.494751552827688346e-01 1.325348077863550411e-01 1.305133536020466889e-01 1.310598146286936772e-01 2.420613185393602484e-02 2.062169030814910847e-02 1.695884075659943174e-02 2.847232175702657606e-03 9.746560541935484802e-04 1.456499897475711141e-03 1.353820399620577486e-01 1.314880096562402179e-01 1.325163145261694375e-01
-3.500000000000000000e+01 1.532283906384947214e-01 1.423125069061468018e-01 1.403318360846550483e-01 1.338070570948956817e-01 1.324799321379647177e-01 1.322203904611763958e-01 1.648847819190605440e-02 7.679174711527602011e-03 6.356212311260728970e-03 2.932855351693014825e-03 2.153400056654586597e-03 1.755233312217967766e-03 1.367399124465886739e-01 1.346333321946192318e-01 1.339756237733943367e-01
-3.450000000000000000e+01 1.471287160473425948e-01 1.482857682118492171e-01 1.420740368448373814e-01 1.348545899033407602e-01 1.331700465432642533e-01 1.324076304161092843e-01 1.247407651963470740e-02 1.470818756222283183e-02 9.077035232284511729e-03 -1.999503756329189296e-04 4.075341063620549920e-04 5.893711964434877708e-04 1.346546395277078700e-01 1.335775806496263540e-01 1.329970016125528176e-01
-3.400000000000000000e+01 1.342510604833093701e-01 1.378261929608470548e-01 1.337395155216896392e-01 1.358102794293987170e-01 1.345439291683519223e-01 1.314654259587229590e-01 -1.978930593129121774e-04 3.509874108989625551e-03 2.185781885853687202e-03 -1.361325886776416005e-03 -2.276103164946068058e-04 8.830767711305501750e-05 1.344489535426222626e-01 1.343163188518573525e-01 1.315537336358360010e-01
-3.350000000000000000e+01 1.456808015354774388e-01 1.548199010824807820e-01 1.495342035860146856e-01 1.370745559616233789e-01 1.343847014948043872e-01 1.316609639453134584e-01 8.924041472882351944e-03 1.942544493785383630e-02 1.820652112883155288e-02 -3.177958990282101154e-04 1.009754649822643905e-03 -3.332814881304375964e-04 1.367567600625951563e-01 1.353944561446270289e-01 1.313276824571830703e-01
-3.300000000000000000e+01 1.734698202317598026e-01 1.538097139851432316e-01 1.550336303892708711e-01 1.376996653861922715e-01 1.347802323764803745e-01 1.326867928931295681e-01 3.056096481524625194e-02 1.408388715319361904e-02 2.100059100799384765e-02 5.209190030321251413e-03 4.945594455469194684e-03 1.346246488147425854e-03 1.429088554165134917e-01 1.397258268319496177e-01 1.340330393812770582e-01
-3.250000000000000000e+01 1.690245279803762324e-01 1.540807096666372555e-01 1.527662073037139856e-01 1.374160351017402748e-01 1.349276973717255246e-01 1.337048277371070681e-01 2.867268636521606850e-02 1.779857825073399499e-02 1.711082474684456900e-02 2.935806513420023949e-03 1.354434044177746594e-03 1.950554819762273864e-03 1.403518416151603720e-01 1.362821314159033403e-01 1.356553825568694305e-01
-3.200000000000000000e+01 1.508218103661244092e-01 1.441989843302715346e-01 1.396106974986507376e-01 1.360932184215460639e-01 1.333394334966506167e-01 1.317874923911514506e-01 1.545005345915075219e-02 1.191108135962419372e-02 8.861536306000011506e-03 -7.214615145724054745e-04 -1.051530526003240703e-03 -1.038331198500670087e-03 1.353717569069736171e-01 1.322879029706474363e-01 1.307491611926507313e-01
-3.150000000000000000e+01 1.500725359874599540e-01 1.447414155045771700e-01 1.425687997480987734e-01 1.336783524792915512e-01 1.323835668771186636e-01 1.305600317750343353e-01 1.752042685479372405e-02 1.281546068033588212e-02 1.319719968312587331e-02 -1.126243346625344609e-03 -4.576120528774035010e-04 -1.188431710061427617e-03 1.325521091326662959e-01 1.319259548242413260e-01 1.293716000649729470e-01
-3.100000000000000000e+01 1.404929149749214179e-01 1.421576960343941265e-01 1.446719079151601861e-01 1.323344873290989709e-01 1.308425058699793919e-01 1.286776977238340558e-01 1.006893670187224664e-02 1.222955822227907857e-02 1.748413164899192615e-02 -1.910509056049763043e-03 -9.143680578643263246e-04 -1.489921457665765265e-03 1.304239782730491626e-01 1.299281378121151520e-01 1.271877762661682842e-01
-3.050000000000000000e+01 1.550568892663759524e-01 1.415048186777975170e-01 1.402315515007270252e-01 1.306731558495353995e-01 1.287230240691230876e-01 1.272192580849271226e-01 2.300738356793419551e-02 1.124637863820199778e-02 1.189297034954094057e-02 1.376349848906327413e-03 1.535415970472368526e-03 1.119323066258937549e-03 1.320495056984417603e-01 1.302584400395954689e-01 1.283385811511860153e-01
-3.000000000000000000e+01 1.557578238579571117e-01 1.416653963848904518e-01 1.346550360155749082e-01 1.306178835412687977e-01 1.275159803241145695e-01 1.265347083493393865e-01 2.418367189186242106e-02 1.396773452430171564e-02 7.261786872718057652e-03 9.562684248259096121e-04 1.816815364741380869e-04 8.585407935174427024e-04 1.315741519660946768e-01 1.276976618605887293e-01 1.273932491428568237e-01
-2.950000000000000000e+01 1.462971434479255761e-01 1.374532405371321764e-01 1.388759457663623076e-01 1.289310437123505071e-01 1.271309185204448078e-01 1.266087979617434578e-01 1.892336977931833447e-02 1.150780936084874403e-02 1.320336387574484217e-02 -1.557270043743350877e-03 -1.185487344161325566e-03 -9.362160711258978377e-04 1.273737736686071931e-01 1.259454311762833734e-01 1.256725818906175296e-01
-2.900000000000000000e+01 1.492869989659623975e-01 1.486658639713825947e-01 1.408204788819162612e-01 1.285450327370948054e-01 1.273377017680059342e-01 1.275837018899153297e-01 2.330854872017137924e-02 2.235766159882961526e-02 1.522977055837092947e-02 -2.566582491303876466e-03 -1.029499395452984720e-03 -1.992993566369986261e-03 1.259784502457909350e-01 1.263082023725529135e-01 1.255907083235452415e-01
-2.850000000000000000e+01 1.473182946529711657e-01 1.549171141266278140e-01 1.484331919562344448e-01 1.275405902952201909e-01 1.265743722321555909e-01 1.273621150255586365e-01 2.205486657640915935e-02 3.020349771729857399e-02 2.154018458776859463e-02 -2.277162218658197127e-03 -1.860755822826425012e-03 -4.691076570927583717e-04 1.252634280765620445e-01 1.247136164093291671e-01 1.268930073684659265e-01
-2.800000000000000000e+01 1.448554278086783553e-01 1.299775371381544087e-01 1.419616922811614002e-01 1.280569554727849224e-01 1.279332917062368513e-01 1.261268258877049631e-01 1.714557569430554332e-02 2.928744689450006686e-03 1.662539644180235920e-02 -3.471033584121864047e-04 -8.844992575324360940e-04 -7.905300483459141948e-04 1.277098521143727461e-01 1.270487924487044840e-01 1.253362958393589854e-01
-2.750000000000000000e+01 1.611604317538995745e-01 1.389168311741625916e-01 1.477882994619102719e-01 1.278676126363846033e-01 1.269521993952251737e-01 1.250657589777846579e-01 2.833839651924866671e-02 9.532015991388706824e-03 1.949491508816671853e-02 4.954422598266363525e-03 2.432615787548607009e-03 3.227625395958868149e-03 1.328220352346509148e-01 1.293848151827738657e-01 1.282933843737435464e-01
-2.700000000000000000e+01 1.413308739958236970e-01 1.411616261648650505e-01 1.410194196465790750e-01 1.275479352787282916e-01 1.276539737685720155e-01 1.253660138406546554e-01 1.151657180417688109e-02 1.271657936488501499e-02 1.485770734204066960e-02 2.266366912918527793e-03 7.910730314079960973e-04 7.956984638836928081e-04 1.298143021916468021e-01 1.284450467999800893e-01 1.261617123045382927e-01
-2.650000000000000000e+01 1.404654520050415967e-01 1.472488403463579343e-01 1.414538051915024686e-01 1.284434216123404304e-01 1.277872767026279333e-01 1.245291293862171855e-01 1.250663251989339066e-02 1.978384175294459549e-02 1.716938115350484170e-02 -4.846021271922381257e-04 -3.222781092145354256e-04 -2.447053482196075635e-04 1.279588194851481731e-01 1.274649985934133145e-01 1.242844240379976095e-01
-2.600000000000000000e+01 1.349916451292605679e-01 1.357753332752653364e-01 1.357141021656813051e-01 1.295394265136065315e-01 1.283906865739863068e-01 1.254832199369121659e-01 4.159853352100637523e-03 7.582496508295097186e-03 1.087466089670019974e-02 1.292365263553376352e-03 -1.978498070160847051e-04 -6.437786679310578087e-04 1.308317917771599781e-01 1.281928367669702695e-01 1.248394412689810967e-01
-2.550000000000000000e+01 1.396713483982629789e-01 1.361341019392854901e-01 1.366411265107610462e-01 1.303701886699180357e-01 1.293638364424422871e-01 1.257607203809514851e-01 5.706774454079267637e-03 5.653557308253889455e-03 8.441268566257414258e-03 3.594385274265619185e-03 1.116708188589256518e-03 2.439137563552117808e-03 1.339645739441836791e-01 1.304805446310315642e-01 1.281998579445036146e-01
-2.500000000000000000e+01 1.577749402694850756e-01 1.485480243113786181e-01 1.395186896814435695e-01 1.308281107099872054e-01 1.294789899215720019e-01 1.260372764885062669e-01 2.583997119835452008e-02 1.861308886096931653e-02 1.326874752722529728e-02 1.106858361143358335e-03 4.559455288372997700e-04 2.126656657119971761e-04 1.319349690711305867e-01 1.299349354504092946e-01 1.262499421542182254e-01
-2.450000000000000000e+01 1.677195966107937475e-01 1.524012703067433305e-01 1.485884146857702204e-01 1.326303083068501865e-01 1.302226991131558154e-01 1.271579851371258396e-01 3.289353211951121653e-02 2.317363742199735413e-02 1.902905703295976192e-02 2.195756184432363142e-03 -9.950662284098472053e-04 2.401372515684624051e-03 1.348260644912825101e-01 1.292276328847460076e-01 1.295593576528104585e-01
-2.400000000000000000e+01 1.346330347022000606e-01 1.438264285903458894e-01 1.353216342719695264e-01 1.331909219105494313e-01 1.305561539309076924e-01 1.266166624997748513e-01 4.139063778161712159e-04 1.240365022181619779e-02 8.185753208772428638e-03 1.028206413834457846e-03 8.666244376220977146e-04 5.192185634221440109e-04 1.342191283243839017e-01 1.314227783685296969e-01 1.271358810631970093e-01
-2.350000000000000000e+01 1.403849078673587158e-01 1.420014512494436332e-01 1.342691240987483881e-01 1.340780718687921425e-01 1.310143618103447871e-01 1.270448034542408233e-01 7.602519055823490218e-03 1.049112735183720981e-02 6.618378497206155869e-03 -1.295683057256953249e-03 4.959620872616566332e-04 6.059421473013999661e-04 1.327823888115352291e-01 1.315103238976064182e-01 1.276507456015422148e-01
-2.300000000000000000e+01 1.543418843277724883e-01 1.368445845832273189e-01 1.437357981594997447e-01 1.350281512455570598e-01 1.317547951994318955e-01 1.282624803747934306e-01 2.164958371049593294e-02 6.833111462087851709e-03 1.753474120372274306e-02 -2.335850628280425507e-03 -1.743322078292405819e-03 -2.061423419016436727e-03 1.326923006172766040e-01 1.300114731211394759e-01 1.262010569557770190e-01
-2.250000000000000000e+01 1.547349777533602033e-01 1.414062747525350328e-01 1.535106182244215522e-01 1.357123727539374936e-01 1.336313529744700968e-01 1.294696663080139032e-01 1.922874016277666825e-02 8.609187617220513331e-03 2.532281701225905582e-02 -2.061351633539752889e-04 -8.342658391555968396e-04 -1.281865095851496749e-03 1.355062375905834449e-01 1.327970871353145177e-01 1.281878012121624721e-01
-2.200000000000000000e+01 1.473115812905411437e-01 1.498478461121244276e-01 1.460360889987941391e-01 1.383987051060598661e-01 1.345489906567999272e-01 1.300031417434045489e-01 1.004138432550542859e-02 1.439492526221469552e-02 1.750228725225795243e-02 -1.128508141024041692e-03 9.039301931098677780e-04 -1.469339996868407111e-03 1.372701969650358123e-01 1.354529208499097859e-01 1.285338017465361415e-01
-2.150000000000000000e+01 1.409291014933352904e-01 1.513530978219077283e-01 1.505714586088837403e-01 1.390697845131757537e-01 1.346406753296507108e-01 1.317435423446512155e-01 2.024876003271734552e-03 1.570886620449367735e-02 1.911938311342688268e-02 -1.655590231122604965e-04 1.003556287763376128e-03 -2.914668491943624433e-04 1.389042254900634821e-01 1.356442316174140128e-01 1.314520754954569270e-01
-2.100000000000000000e+01 1.472734215591726958e-01 1.568325025727601574e-01 1.476946863029548751e-01 1.396207063417605199e-01 1.365954316306589311e-01 1.333258205863090406e-01 7.352002001767773270e-03 1.944107245237664330e-02 1.561809552936994396e-02 3.007132156443270807e-04 7.959984897245148648e-04 -1.249229812724100613e-03 1.399214195574048913e-01 1.373914301203834620e-01 1.320765907735849121e-01
-2.050000000000000000e+01 1.581924110146739892e-01 1.491539615539104469e-01 1.606187392326928476e-01 1.390631308208953032e-01 1.363342861686976382e-01 1.348820992433515109e-01 2.139974438975939669e-02 1.463720141516460828e-02 2.796129189024163658e-02 -2.270464195980757480e-03 -1.817526029951688779e-03 -2.224651900900309447e-03 1.367926666249145440e-01 1.345167601387459166e-01 1.326574473424511902e-01
-2.000000000000000000e+01 1.597398991979085137e-01 1.446292630375101418e-01 1.470079062682373150e-01 1.392176865377581785e-01 1.383643952480159700e-01 1.368264453314721740e-01 2.149388206019108363e-02 5.687459412240390005e-03 8.700927917917074608e-03 -9.716694000407603751e-04 5.774083772538069273e-04 1.480533018847966830e-03 1.382460171377172808e-01 1.389418036252696997e-01 1.383069783503201589e-01
-1.950000000000000000e+01 1.693113501686382971e-01 1.588817401560820020e-01 1.538711197846574508e-01 1.395761706132249980e-01 1.382444275139467493e-01 1.360396251924095024e-01 3.055127251652530601e-02 2.183435518768121059e-02 1.826972536456143020e-02 -8.160929611119219608e-04 -1.197042545545971186e-03 -4.382307723135127949e-04 1.387600776521130952e-01 1.370473849684008538e-01 1.356013944200959720e-01
-1.900000000000000000e+01 1.527994085863809137e-01 1.597272984736378132e-01 1.524278936410540519e-01 1.396252961341404586e-01 1.383265122713516482e-01 1.364952219618294493e-01 1.364024546659920942e-02 2.055238708156784805e-02 1.521866884583422501e-02 -4.661330143587379712e-04 8.483991207182668779e-04 7.140028333903708588e-04 1.391591631197816870e-01 1.391749113920699721e-01 1.372092247952197697e-01
-1.850000000000000000e+01 1.684854351118043880e-01 1.627735361497605338e-01 1.631364507042757372e-01 1.383187788223816106e-01 1.392270224821019198e-01 1.366584906732911109e-01 2.972264542979921598e-02 2.333884760894526511e-02 2.602711214626425226e-02 4.440108596234773803e-04 2.076660587133610097e-04 4.508478847204009320e-04 1.387627896820051165e-01 1.394346885408153103e-01 1.371093385580114676e-01
-1.800000000000000000e+01 1.602368880077481295e-01 1.521645811595220277e-01 1.427767877735748592e-01 1.372763047271214343e-01 1.381279020533722479e-01 1.380853691528062532e-01 2.364354592405424477e-02 1.372465522678937774e-02 5.902446518339272974e-03 -6.829626434275039423e-04 3.120238793603434709e-04 -1.211027897570702812e-03 1.365933420836938916e-01 1.384399259327326048e-01 1.368743412552355654e-01
-1.750000000000000000e+01 1.626509855785199521e-01 1.569744302357884980e-01 1.585037761803665124e-01 1.361205304512269898e-01 1.364852057410255726e-01 1.384515024436931419e-01 2.681066892390850456e-02 2.079520306586389589e-02 2.001804118370440616e-02 -2.802137966155480715e-04 -3.059785711010396588e-04 3.423255296897411109e-05 1.358403166546114371e-01 1.361792271699245882e-01 1.384857349966621687e-01
-1.700000000000000000e+01 1.532187406441302413e-01 1.572661659239198428e-01 1.399748073832540185e-01 1.356756925747225062e-01 1.367449983818386783e-01 1.389992127609493144e-01 1.751952087150435156e-02 1.905294660790976188e-02 -8.683929029576059871e-04 2.352719790336776259e-05 1.468220934171300110e-03 1.843987525262230686e-03 1.356992197726258342e-01 1.382132193160100497e-01 1.408432002862116117e-01
-1.650000000000000000e+01 1.364655385396407183e-01 1.526095070914605112e-01 1.499875906017964222e-01 1.343157330375241154e-01 1.362890552523255694e-01 1.376539885403322561e-01 3.297117513535307177e-03 1.655353797097100510e-02 1.096603087424621523e-02 -1.147312011418767999e-03 -2.330861318360972394e-04 1.367571187217955266e-03 1.331684210261053769e-01 1.360559691204895061e-01 1.390215597275502035e-01
-1.600000000000000000e+01 1.462206116909795794e-01 1.487533303549822272e-01 1.566458061090715559e-01 1.340707440537919071e-01 1.346302951430137784e-01 1.369162601741277241e-01 1.145613747025209933e-02 1.378035249786770979e-02 1.872351745865532061e-02 6.937301669356296403e-04 3.426827141007434047e-04 1.006028476288501434e-03 1.347644742207274038e-01 1.349729778571145955e-01 1.379222886504162804e-01
-1.550000000000000000e+01 1.640527325921124213e-01 1.489235353934495187e-01 1.491887066598010236e-01 1.352811509914454147e-01 1.360447180747913487e-01 1.360437084074677394e-01 3.003426192445405457e-02 1.422454988486568025e-02 1.481932492194114673e-02 -1.262680323787077627e-03 -1.345732566207493092e-03 -1.674326669607839298e-03 1.340184706676584014e-01 1.346989855085838628e-01 1.343693817378598665e-01
-1.500000000000000000e+01 1.527485889925974949e-01 1.391951422712389697e-01 1.496119570406610755e-01 1.351842947777294468e-01 1.349667410344669582e-01 1.349021863281925637e-01 1.836315471008139605e-02 3.954902078147105697e-03 1.464736123935801715e-02 -7.988604952133563026e-04 2.734991586249535772e-04 6.240947311045657816e-05 1.343854342825160919e-01 1.352402401930918874e-01 1.349645958013030167e-01
-1.450000000000000000e+01 1.352772268434389580e-01 1.382743891038782091e-01 1.392632868950655911e-01 1.358820718012476170e-01 1.364857100776570853e-01 1.366072902174545745e-01 6.640048925415809478e-04 3.875020847465451834e-03 4.072475757998613409e-03 -1.268849850350260537e-03 -2.086341821244389137e-03 -1.416479080387687611e-03 1.346132219508974215e-01 1.343993682564126879e-01 1.351908111370668797e-01
-1.400000000000000000e+01 1.360512444492289752e-01 1.405566334646453919e-01 1.434217018951821077e-01 1.359988976794722637e-01 1.372377957203513299e-01 1.362132187822472917e-01 2.606739226791905846e-03 5.762075378793977271e-03 8.345044254288275579e-03 -2.554392457035221248e-03 -2.443237634499915295e-03 -1.136561141353384201e-03 1.334445052224371153e-01 1.347945580858513626e-01 1.350766576408938824e-01
-1.350000000000000000e+01 1.532375810151444528e-01 1.501076179355352314e-01 1.519432082961816310e-01 1.370655491564991835e-01 1.374979916187709650e-01 1.357959593834476564e-01 1.852837887073143994e-02 1.501128952770602355e-02 1.786025322202600824e-02 -2.356347012086214363e-03 -2.401663210941698632e-03 -1.713004309292021857e-03 1.347092021444129817e-01 1.350963284078292859e-01 1.340829550741556297e-01
-1.300000000000000000e+01 1.432320761153597077e-01 1.489290406580147941e-01 1.416910610765638456e-01 1.386370491941136818e-01 1.388776676626718165e-01 1.358513121574825289e-01 2.754399935923732001e-03 9.268663818435595239e-03 6.772850741884071935e-03 1.840626985322373326e-03 7.827091769073557656e-04 -9.331018228029270114e-04 1.404776761794360174e-01 1.396603768395792422e-01 1.349182103346796557e-01
-1.250000000000000000e+01 1.551172650131184549e-01 1.624183266923181213e-01 1.420755954160591861e-01 1.406814745440140291e-01 1.404586337496316617e-01 1.351968096864283042e-01 1.190656432020683470e-02 2.193560646633155656e-02 6.792437819780294990e-03 2.529226148897541302e-03 2.408647635500322254e-05 8.634790985056525596e-05 1.432107006929115578e-01 1.404827202259866237e-01 1.352831575962788746e-01
-1.200000000000000000e+01 1.463348932134661551e-01 1.405400675921268105e-01 1.314859234531907395e-01 1.414419995501613736e-01 1.399507539116709443e-01 1.349860041926267962e-01 5.954658749550182165e-03 2.732367382494444840e-03 -2.640119210492250165e-03 -1.061765086245457712e-03 -2.143053702038567702e-03 -8.599615289437287846e-04 1.403802344639159538e-01 1.378077002096323167e-01 1.341260426636830538e-01
-1.150000000000000000e+01 1.552957500993530915e-01 1.513692486554658878e-01 1.433841934352420855e-01 1.430769819931617948e-01 1.414078258113362629e-01 1.363929373557200841e-01 1.251432824358784078e-02 1.023579057158691824e-02 8.272054088521814050e-03 -2.955601373965317563e-04 -2.743677274572585726e-04 -1.280798008999770206e-03 1.427814218557653114e-01 1.411334580838789765e-01 1.351121393467202836e-01
-1.100000000000000000e+01 1.849228170752220679e-01 1.743031011161541299e-01 1.594631528836487622e-01 1.429294017293421537e-01 1.415804914955627047e-01 1.378712353043270444e-01 3.587662636585360609e-02 3.181513854777467953e-02 1.815693073566520405e-02 6.116788980026345406e-03 9.074710728167441429e-04 3.434986843656452973e-03 1.490461907093684479e-01 1.424879625683793949e-01 1.413062221479834124e-01
-1.050000000000000000e+01 1.651197280994405603e-01 1.537230872626685896e-01 1.607578665441422305e-01 1.439009174525577306e-01 1.420927681638708973e-01 1.392644254091224276e-01 2.137672690364491104e-02 1.096488614219987001e-02 2.046836717771269298e-02 -1.579162567620415842e-04 6.654329565978263231e-04 1.025073957307101689e-03 1.437430011957957221e-01 1.427582011204687196e-01 1.402894993664295931e-01
-1.000000000000000000e+01 1.432239417878890808e-01 1.434672949692473443e-01 1.395571562668969923e-01 1.441884836706500417e-01 1.424291563564495100e-01 1.396863351964689193e-01 6.413307879842085509e-04 1.388063389577331910e-03 4.082755046587365020e-04 -1.605872670745042349e-03 -3.499247767796020048e-04 -5.374544342306485437e-04 1.425826109999049074e-01 1.420792315796699512e-01 1.391488807622382751e-01
-9.500000000000000000e+00 1.504035599582243810e-01 1.492583376608988821e-01 1.409991410814029622e-01 1.426006041337562757e-01 1.422574568909820147e-01 1.375127959418588897e-01 9.268778703074624647e-03 8.001534916078890947e-03 4.663549762299267452e-03 -1.465822878606586228e-03 -1.000654146161992575e-03 -1.177204622755141997e-03 1.411347812551496939e-01 1.412568027448199981e-01 1.363355913191036661e-01
-9.000000000000000000e+00 1.626986008923047566e-01 1.601893368501734471e-01 1.544772924824879545e-01 1.429032489612943047e-01 1.420188315197253304e-01 1.389124051276674765e-01 1.994981108313064952e-02 1.745446051117837197e-02 1.564250400860882351e-02 -1.544591521200694905e-04 7.160448192697927306e-04 -7.761665378835147012e-05 1.427487898091742702e-01 1.427348763389950093e-01 1.388347884738792559e-01
-8.500000000000000000e+00 1.483903054779800446e-01 1.555268058591187386e-01 1.380166715155285440e-01 1.428337748290268439e-01 1.412521609529414912e-01 1.386864366909906221e-01 2.665276653456435507e-03 1.321281276644394390e-02 -2.231731264983111661e-03 2.891253995496790782e-03 1.061832139733288275e-03 1.561966089521068428e-03 1.457250288245236225e-01 1.423139930926748120e-01 1.402484027805117328e-01
-8.000000000000000000e+00 1.460528845535794262e-01 1.474661179950056966e-01 1.491897547252516165e-01 1.428929855801261140e-01 1.415210335357393323e-01 1.395278315765318411e-01 5.000818958654736079e-03 6.690034438213234881e-03 1.023381846135130481e-02 -1.840919985201553474e-03 -7.449499789469199050e-04 -5.718953126315528060e-04 1.410520655949246693e-01 1.407760835567923585e-01 1.389559362639002649e-01
-7.500000000000000000e+00 1.665532897472336848e-01 1.575510534006655528e-01 1.531928657853187103e-01 1.427392235296768841e-01 1.413642967837449860e-01 1.403228455898652416e-01 2.527106645142574229e-02 1.721829608723758273e-02 1.330187029020264353e-02 -1.457000233869029356e-03 -1.031539470316981911e-03 -4.318500947490905252e-04 1.412822232958080293e-01 1.403327573134280637e-01 1.398909954951160495e-01
-7.000000000000000000e+00 1.616272527683990101e-01 1.571955190003053726e-01 1.452334964571421472e-01 1.416774429062523932e-01 1.407302343255268373e-01 1.418949396411581243e-01 1.855308846114224128e-02 1.421088003965347707e-02 2.695181139023150249e-03 1.396721401004399248e-03 2.254404635125082518e-03 6.433756769609389782e-04 1.430741643072567515e-01 1.429846389606519996e-01 1.425383153181190299e-01
-6.500000000000000000e+00 1.562809847398072549e-01 1.534103838568298406e-01 1.567771951575389344e-01 1.404682870208641965e-01 1.400111753926245317e-01 1.406596293858291269e-01 1.488304564514434519e-02 1.246509668427785156e-02 1.697691709218390396e-02 9.296520737986890522e-04 9.341117799276005317e-04 -8.593513204741371966e-04 1.413979390946628889e-01 1.409452871725520584e-01 1.398002780653549992e-01
-6.000000000000000000e+00 1.461225675039423688e-01 1.512852315126452796e-01 1.477730099915572082e-01 1.395155818162421013e-01 1.390418368505142166e-01 1.390588504902169065e-01 4.269938893585992559e-03 1.115545013779237551e-02 8.018548207087292101e-03 2.337046794114235482e-03 1.087944524338761406e-03 6.956112942530828964e-04 1.418526286103562462e-01 1.401297813748529353e-01 1.397544617844699855e-01
-5.500000000000000000e+00 1.482882688851545339e-01 1.481326111941371759e-01 1.530137018710271135e-01 1.402163108966072713e-01 1.380270812157033955e-01 1.389877108027347541e-01 4.436965487633000998e-03 6.599369445350476877e-03 1.040245025814162498e-02 3.634992500914234655e-03 3.506160533083228954e-03 3.623540810150756991e-03 1.438513033975215294e-01 1.415332417487866479e-01 1.426112516128855423e-01
-5.000000000000000000e+00 1.591471071814147265e-01 1.476893078160008976e-01 1.495430300399842038e-01 1.397870006695222378e-01 1.383738263092657017e-01 1.377410653469852975e-01 1.933960688194925892e-02 8.637526179756438438e-03 1.141907786263772311e-02 2.049962994324415225e-05 6.779553269787754865e-04 3.828868303612318474e-04 1.398075002994655647e-01 1.390517816362444870e-01 1.381239521773464929e-01
-4.500000000000000000e+00 1.687430889261018752e-01 1.609383879792287697e-01 1.573643339398741459e-01 1.398993564011589696e-01 1.360633710533003526e-01 1.370930726638561192e-01 2.553042234185663381e-02 2.219937763891453170e-02 1.726104160455587885e-02 3.313310183086307266e-03 2.675639287013852410e-03 3.010219671462130864e-03 1.432126665842451685e-01 1.387390103403141339e-01 1.401032923353182358e-01
-4.000000000000000000e+00 1.653920184943570015e-01 1.514380115207722699e-01 1.567784925268275176e-01 1.403724737023337443e-01 1.346062004851959204e-01 1.360527081118418635e-01 2.489200188996768676e-02 1.732662260545335051e-02 2.127323868775369067e-02 1.275429020555126627e-04 -4.948115698769688054e-04 -5.474542727679765613e-04 1.405000166043892385e-01 1.341113889153189576e-01 1.355052538390738026e-01
-3.500000000000000000e+00 1.647313283197538725e-01 1.569137240813179013e-01 1.518792129656519607e-01 1.406135436709330389e-01 1.349351466330615534e-01 1.368527955904380033e-01 2.533728793610234842e-02 2.249858538898249702e-02 1.572577658694394170e-02 -1.219503287281536921e-03 -5.200079407261416894e-04 -6.993592117300520940e-04 1.393940403836515518e-01 1.344151386923353453e-01 1.361534363787079149e-01
-3.000000000000000000e+00 1.564443613650672860e-01 1.471484643387679925e-01 1.486438757357106399e-01 1.387753847628136750e-01 1.332139626256664267e-01 1.339851363532442163e-01 1.925891243328948024e-02 1.538826527755068375e-02 1.581327341117123864e-02 -1.589935831035855151e-03 -1.453763564449157830e-03 -1.154534028704793346e-03 1.371854489317778647e-01 1.317601990612172758e-01 1.328306023245394152e-01
-2.500000000000000000e+00 1.536059943704145003e-01 1.530773390210329599e-01 1.477785471066863920e-01 1.380975390188985130e-01 1.328675252944054863e-01 1.339267411789480944e-01 1.476649641909525551e-02 2.118372388395035194e-02 1.343940079135482087e-02 7.419589324208993074e-04 -9.739101573229224078e-04 4.124051363834212321e-04 1.388394979513193073e-01 1.318936151370825594e-01 1.343391463153315035e-01
-2.000000000000000000e+00 1.423201896184734250e-01 1.323914783575912135e-01 1.302110930174036341e-01 1.377433898385616584e-01 1.335689717000126953e-01 1.316691074455897947e-01 1.882445622687404846e-03 -5.565906786939203276e-04 -2.058908166043485304e-03 2.694354157224298617e-03 -6.209026637276136677e-04 6.008937378574176567e-04 1.404377439957859297e-01 1.329480690362850881e-01 1.322700011834470890e-01
-1.500000000000000000e+00 1.621450359401149788e-01 1.519722555868414926e-01 1.513849682962866983e-01 1.383621401485501945e-01 1.338775034951345255e-01 1.331245949113163407e-01 2.185712222750409855e-02 1.632840949885948009e-02 1.713058587854793605e-02 1.925773564060665128e-03 1.766342592847562881e-03 1.129787506422455989e-03 1.402879137126107900e-01 1.356438460879820784e-01 1.342543824177387102e-01
-1.000000000000000000e+00 1.642966938964521284e-01 1.460049584803595202e-01 1.400902288150891462e-01 1.393674179737124375e-01 1.351751498202598822e-01 1.334838047459457888e-01 2.049884914910712896e-02 5.196152518199115451e-03 3.848981391663793428e-03 4.430426773632549844e-03 5.633656141900431416e-03 2.757442677479674496e-03 1.437978447473449162e-01 1.408088059621604160e-01 1.362412474234253879e-01
-5.000000000000000000e-01 1.440764264470837386e-01 1.409523914553409141e-01 1.413702000603937192e-01 1.378540760708913959e-01 1.351571398512897149e-01 1.335079173432372479e-01 7.693163059479671446e-03 7.594093650365333313e-03 8.974197780585075473e-03 -1.470812683287346569e-03 -1.798842046314100490e-03 -1.111915063428530435e-03 1.363832633876040368e-01 1.333582978049755730e-01 1.323960022798086333e-01
0.000000000000000000e+00 1.405361762462308262e-01 1.463855796438702506e-01 1.458593051718244382e-01 1.387121322326436701e-01 1.350936943279869296e-01 1.350248635244176154e-01 4.068519432094697304e-03 1.249272118314770884e-02 1.232676111948650087e-02 -2.244475418507494401e-03 -1.200835867264355740e-03 -1.492319472079634913e-03 1.364676568141361679e-01 1.338928584607225747e-01 1.335325440523379426e-01
5.000000000000000000e-01 1.510218181806964322e-01 1.541983590396808212e-01 1.525139581815322665e-01 1.395792109518753099e-01 1.380864358006844150e-01 1.362564484467858883e-01 1.106468657455599372e-02 1.532086140846150059e-02 1.565378299263755352e-02 3.779206542651489080e-04 7.910618305349807625e-04 6.037267421089001149e-04 1.399571316061403448e-01 1.388774976312193432e-01 1.368601751888947893e-01
1.000000000000000000e+00 1.530198935628610812e-01 1.514570729921963788e-01 1.496574442240198866e-01 1.400611032749047025e-01 1.402807968936573002e-01 1.381985572087918723e-01 1.473251011560339045e-02 1.181183529011157335e-02 1.082660449182701844e-02 -1.773719827646958553e-03 -6.355591915724590184e-04 6.322825234010733117e-04 1.382873834472576058e-01 1.396452377020847568e-01 1.388308397321928456e-01
1.500000000000000000e+00 1.622857329709511409e-01 1.537819783106670612e-01 1.615026096344759909e-01 1.404022370218493410e-01 1.404556793487598820e-01 1.384333525704997681e-01 2.027380396101583979e-02 1.244157601347104479e-02 2.365055017755830422e-02 1.609691988085915288e-03 8.847229484361608838e-04 -5.812931135820737383e-04 1.420119290099352560e-01 1.413404022971960494e-01 1.378520594569177526e-01
2.000000000000000000e+00 1.495193923798229518e-01 1.520598566460267809e-01 1.498424860124903113e-01 1.420591780250290426e-01 1.417292317448217709e-01 1.409107369979474278e-01 2.776439466770713130e-03 7.893216550455672137e-03 7.329281108622418342e-03 4.683774888023224323e-03 2.437408350749297077e-03 1.602467905920474918e-03 1.467429529130522547e-01 1.441666400955710636e-01 1.425132049038678461e-01
2.500000000000000000e+00 1.541622814574995504e-01 1.561946961698122416e-01 1.393628703174087380e-01 1.425259712137828261e-01 1.418319294820415410e-01 1.416220057852580483e-01 1.003430131324217940e-02 1.366309465422555110e-02 -2.126413600194927787e-03 1.602008930474460103e-03 6.996720335451556182e-04 -1.327218676543493337e-04 1.441279801442572894e-01 1.425316015155866645e-01 1.414892839176037087e-01
3.000000000000000000e+00 1.676027463131413708e-01 1.645231104920763243e-01 1.551268591691573329e-01 1.436637862949733391e-01 1.437455666933377674e-01 1.431822090195273567e-01 2.329838743001271667e-02 1.915943573996045646e-02 1.176378563154978352e-02 6.405725881553278860e-04 1.618108058778009199e-03 1.808645180800935639e-04 1.443043588831286750e-01 1.453636747521157846e-01 1.433630735376075493e-01
3.500000000000000000e+00 1.590862845445529250e-01 1.589223652258185682e-01 1.578336831693857023e-01 1.444086519170712513e-01 1.447913689995558306e-01 1.433828835666413892e-01 1.421198908943587490e-02 1.382188645514509373e-02 1.473455936826477755e-02 4.656435380457968950e-04 3.091097711175829930e-04 -2.837597655203981752e-04 1.448742954551170969e-01 1.451004787706735022e-01 1.430991238011209421e-01
4.000000000000000000e+00 1.364002978561868196e-01 1.542592505465960329e-01 1.474847228964605850e-01 1.446407191237624734e-01 1.464622773522064603e-01 1.445079816700046427e-01 -7.170344924422122554e-03 7.885486286324948704e-03 3.722227139684218446e-03 -1.070076343153536936e-03 -8.851309193543613612e-05 -7.454859132283045507e-04 1.435706427806088537e-01 1.463737642602710165e-01 1.437624957567762984e-01
4.500000000000000000e+00 1.562461903106028283e-01 1.575072289207304355e-01 1.442482427740433559e-01 1.458016635836292263e-01 1.467901912025180722e-01 1.449820280182963217e-01 1.239246262126051865e-02 1.174706265533818558e-02 -4.284265530981670598e-05 -1.947935894287004506e-03 -1.030024937125813625e-03 -6.909425889431359581e-04 1.438537276893422923e-01 1.457601662653922603e-01 1.442910854293532052e-01
5.000000000000000000e+00 1.761610793148242482e-01 1.722584511667271667e-01 1.593808879135296674e-01 1.443888980456886351e-01 1.464399359684120383e-01 1.445071504973494680e-01 3.108962663597831383e-02 2.654501161516250804e-02 1.472410952492348053e-02 6.825546331573341093e-04 -7.264964168474263460e-04 1.496278912567608531e-04 1.450714526788459968e-01 1.457134395515646552e-01 1.446567783886062719e-01
5.500000000000000000e+00 1.515592309157839934e-01 1.529678831554932561e-01 1.505709119998791257e-01 1.443160499162230437e-01 1.460429662007056706e-01 1.460759748600077013e-01 2.374912459208172212e-03 5.518920685325797923e-03 3.517579053006510918e-03 4.868268540352853856e-03 1.405996269461872806e-03 9.773580868649436263e-04 1.491843184565759262e-01 1.474489624701675328e-01 1.470533329468726169e-01
6.000000000000000000e+00 1.565604721575782066e-01 1.594238451246741961e-01 1.584634573399730240e-01 1.436924615924113358e-01 1.455067791372723629e-01 1.451843856565989410e-01 1.053511480143277425e-02 1.251168161857016924e-02 1.145353374492818870e-02 2.332895763734090921e-03 1.405384368831644670e-03 1.825537938445809033e-03 1.460253573561453855e-01 1.469121635061040598e-01 1.470099235950448058e-01
6.500000000000000000e+00 1.706120946838766139e-01 1.795281625516944590e-01 1.648382080290868856e-01 1.429843797744176637e-01 1.459722885484630861e-01 1.457746432123879221e-01 2.879889505547697862e-02 3.468859450081675233e-02 2.031002537646192305e-02 -1.171180146017991282e-03 -1.132720497585345361e-03 -1.246460559762938491e-03 1.418131996283997776e-01 1.448395680508777483e-01 1.445281826526249591e-01
7.000000000000000000e+00 1.552853495454548094e-01 1.649370565523983201e-01 1.541729921123567715e-01 1.425733219046599332e-01 1.456327180357531448e-01 1.450618682888573097e-01 1.117635996422586611e-02 1.959222491330263674e-02 8.574784760562175964e-03 1.535667676568977600e-03 -2.878863966573987684e-04 5.363390629373143660e-04 1.441089895812288635e-01 1.453448316390956729e-01 1.455982073517946007e-01
7.500000000000000000e+00 1.437712487487316504e-01 1.534528164558091601e-01 1.471978516543651638e-01 1.428011423887156350e-01 1.447014641143551661e-01 1.439029879705967518e-01 1.699937220349001304e-03 9.236555973787446971e-03 2.452554834281502841e-03 -7.298308603329733708e-04 -4.852036323334912014e-04 8.423088494869003648e-04 1.420713115283825934e-01 1.442162604820216298e-01 1.447452968200836354e-01
8.000000000000000000e+00 1.554154158693208110e-01 1.486613776638302520e-01 1.508735415421448567e-01 1.424627317154480710e-01 1.433963178531284521e-01 1.435376273253073376e-01 1.379921722658036462e-02 5.318369713819381950e-03 8.406134539933224001e-03 -8.465330727076300719e-04 -5.330990311755307980e-05 -1.070220323095756295e-03 1.416161986427403874e-01 1.433430079500108978e-01 1.424674070022116101e-01
8.500000000000000000e+00 1.423198665129717655e-01 1.440263880617257686e-01 1.601822208361299293e-01 1.413494300135524906e-01 1.425460912392849666e-01 1.427431111564000377e-01 4.481744915777297923e-03 3.332090125217807702e-03 1.922385724947742874e-02 -3.511308416358008711e-03 -1.851793302776999451e-03 -1.784747569747547908e-03 1.378381215971944129e-01 1.406942979365080060e-01 1.409583635866524243e-01
9.000000000000000000e+00 1.515455958417631088e-01 1.593149955805031326e-01 1.632045435563886926e-01 1.405151370606002870e-01 1.411778087672405924e-01 1.408600388558949312e-01 1.040788834365057036e-02 1.899429338722738447e-02 2.038152223332891436e-02 6.225704375122243905e-04 -8.571065739648322081e-04 1.962982467164775448e-03 1.411377074981124968e-01 1.403207021932758036e-01 1.428230213230597401e-01
9.500000000000000000e+00 1.493859059205256412e-01 1.544010145789724286e-01 1.543420394144932317e-01 1.387313560167826032e-01 1.409603953266722887e-01 1.396849961301218912e-01 5.648857364670988035e-03 1.117598808017956219e-02 1.283602085849053914e-02 5.005692539072039565e-03 2.264631172120535729e-03 1.821022425880932348e-03 1.437370485558546740e-01 1.432250264987928734e-01 1.415060185560027550e-01
1.000000000000000000e+01 1.474349153799318635e-01 1.527464700466887315e-01 1.488683544296200145e-01 1.386691290848673375e-01 1.411481223576264155e-01 1.408313779239348251e-01 9.878037652844794819e-03 1.268880978268297627e-02 8.444087704879081613e-03 -1.112251357780267300e-03 -1.090462093620685365e-03 -4.071111991938556230e-04 1.375568777270870235e-01 1.400576602640057067e-01 1.404242667247409537e-01
1.050000000000000000e+01 1.587769404142179985e-01 1.575297218375846520e-01 1.614103509496341293e-01 1.398103102607105297e-01 1.409774672387134609e-01 1.401985251707200675e-01 1.826978427352704895e-02 1.727519297372235099e-02 2.067372677743618478e-02 6.968458799804150066e-04 -7.229383748511917628e-04 5.380990014779773534e-04 1.405071561406909531e-01 1.402545288638622489e-01 1.407366241721979827e-01
1.100000000000000000e+01 1.483680132212446823e-01 1.557568712598430272e-01 1.614975649231225607e-01 1.398419507139947171e-01 1.405793751759988330e-01 1.408369217617391478e-01 7.848288753910389118e-03 1.447807275709073714e-02 2.100323559410199881e-02 6.777737533395825596e-04 6.994233267534978636e-04 -3.425924327186338899e-04 1.405197244673342671e-01 1.412787985027523785e-01 1.404943293290205619e-01
1.150000000000000000e+01 1.441103256585403447e-01 1.488451594724497506e-01 1.519732700654967406e-01 1.404106811061343885e-01 1.402625831587883121e-01 1.392721440559790413e-01 4.191512059072823558e-03 9.706656350034720965e-03 1.247622531710340481e-02 -4.918675066668848784e-04 -1.124080036373308403e-03 2.249006924142323059e-04 1.399188135994675342e-01 1.391385031224150748e-01 1.394970447483933340e-01
1.200000000000000000e+01 1.382611572806966560e-01 1.459726609077149906e-01 1.474165532497400954e-01 1.403350525006211991e-01 1.407377875959925917e-01 1.398864755159374973e-01 4.259235568629973724e-04 7.023065740796204104e-03 9.672468090503327093e-03 -2.499818776787575240e-03 -1.788192429073813886e-03 -2.142390356700818281e-03 1.378352337238336611e-01 1.389495951669188489e-01 1.377440851592367232e-01
1.250000000000000000e+01 1.511870382343605268e-01 1.517700891273118802e-01 1.415230312548951264e-01 1.413610025937418468e-01 1.426387138689239609e-01 1.407187271479866941e-01 9.697667880122667547e-03 6.618313730917748869e-03 1.110453313698351544e-03 1.283677604959711281e-04 2.513061527470131402e-03 -3.061492067899504238e-04 1.414893703542378089e-01 1.451517753963941504e-01 1.404125779411967700e-01
1.300000000000000000e+01 1.709210452713722239e-01 1.584787718743003726e-01 1.580044290519145300e-01 1.406739853988480948e-01 1.424889394109633001e-01 1.412129593040162556e-01 3.107039794697146959e-02 1.688296670661902990e-02 1.561089884300731999e-02 -8.233380744473190339e-04 -8.931342432819587779e-04 1.180570904890925789e-03 1.398506473244008896e-01 1.415958051676813045e-01 1.423935302089071875e-01
1.350000000000000000e+01 1.646580399942628448e-01 1.526399480383620888e-01 1.521465105056018785e-01 1.412390588230011124e-01 1.423466386649413495e-01 1.418057857982435443e-01 2.190471674556591225e-02 1.146607735806357518e-02 9.679971629812217024e-03 1.514264425695877395e-03 -1.172767984642939789e-03 6.607530775460782090e-04 1.427533232486969672e-01 1.411738706802984356e-01 1.424665388757896944e-01
1.400000000000000000e+01 1.550331172848134487e-01 1.510564832938486868e-01 1.507545623894623321e-01 1.430474666720658039e-01 1.437012514381138528e-01 1.428967527587238773e-01 9.624401398718668635e-03 8.688896781149209325e-03 7.474018047741609952e-03 2.361249214029051587e-03 -1.333664925414369514e-03 3.837915829967888373e-04 1.454087158860947748e-01 1.423675865126995121e-01 1.432805443417206614e-01
1.450000000000000000e+01 1.506981457426631310e-01 1.582455276979382319e-01 1.537154060512020692e-01 1.435382057296168412e-01 1.447303486286294905e-01 1.439182673391350420e-01 5.844773685838304707e-03 1.142801035018924626e-02 9.022726307237839347e-03 1.315166327207993547e-03 2.087168719119533809e-03 7.744124048292916557e-04 1.448533720568248584e-01 1.468175173477489770e-01 1.446926797439642420e-01
1.500000000000000000e+01 1.625059570038491774e-01 1.524651302569807743e-01 1.456561638135750458e-01 1.449381138839111460e-01 1.445406629010382027e-01 1.429736227742190169e-01 1.886329462013986227e-02 7.303507177811426922e-03 1.820800283515493874e-03 -1.295451500201864718e-03 6.209601781311984217e-04 8.617407558404880166e-04 1.436426623837093464e-01 1.451616230791693829e-01 1.438353635300594624e-01
1.550000000000000000e+01 1.690298946750011799e-01 1.642438634451704738e-01 1.577807511999184398e-01 1.421536606544829828e-01 1.430430636938885836e-01 1.420591377724867987e-01 2.829419067663030765e-02 2.231105513711552010e-02 1.626792581762128223e-02 -1.417956656112133972e-03 -1.110255385833628381e-03 -5.463123901895597769e-04 1.407357039983708757e-01 1.419328083080549641e-01 1.415128253822972304e-01
1.600000000000000000e+01 1.529841501992554587e-01 1.580845493543261149e-01 1.620164582893924288e-01 1.403844177619812950e-01 1.427834057736613316e-01 1.403366817072627115e-01 1.506734670615547493e-02 1.579279159045446357e-02 2.295369816468692536e-02 -2.467614268881240108e-03 -4.916480097897149570e-04 -1.273921582557235865e-03 1.379168034930999820e-01 1.422917577638716236e-01 1.390627601247054757e-01
1.650000000000000000e+01 1.532045169329756817e-01 1.554344250860051624e-01 1.510990063803589190e-01 1.391928010515016689e-01 1.412856278945250343e-01 1.400030488407955909e-01 1.384971991788960279e-02 1.419688718011042315e-02 9.789474981737635029e-03 1.619959635843576059e-04 -4.808998863027837058e-05 1.306482557825697829e-03 1.393547970150861293e-01 1.412375379058947444e-01 1.413095313986212909e-01
1.700000000000000000e+01 1.768597320964235831e-01 1.700796226064855421e-01 1.618688775715797501e-01 1.369266538619643425e-01 1.392741576502954937e-01 1.381912726724630891e-01 4.018140609621991682e-02 2.901190292464368020e-02 2.222513330906432383e-02 -2.483278617607265356e-04 1.793562031546336354e-03 1.452471590052342373e-03 1.366783260002036038e-01 1.410677196818418966e-01 1.396437442625154124e-01
1.750000000000000000e+01 1.592119719525778576e-01 1.510649591271226166e-01 1.470675728208676869e-01 1.347949576970068619e-01 1.368937101637877352e-01 1.366591963457031711e-01 2.469388537082707266e-02 1.529297149517560954e-02 9.561024254073196074e-03 -2.768711152561273274e-04 -1.121722531840734557e-03 8.473522210912580411e-04 1.345180865817507398e-01 1.357719876319470054e-01 1.375065485667944232e-01
1.800000000000000000e+01 1.539498980586619381e-01 1.474896314104544581e-01 1.427257501886026736e-01 1.344373736474922809e-01 1.355103794389931338e-01 1.349847948296044875e-01 2.148572665101531470e-02 1.304026627323298833e-02 8.878044362367963627e-03 -1.973202239845656646e-03 -1.061014301771594573e-03 -1.137089003369741533e-03 1.324641714076465748e-01 1.344493651372215548e-01 1.338477058262347030e-01
1.850000000000000000e+01 1.503723584870743091e-01 1.525630219559463985e-01 1.448332900247277510e-01 1.343253395209137169e-01 1.357888545002006453e-01 1.337227528022069956e-01 1.473448542297103522e-02 1.742935109605153396e-02 1.193860822960363111e-02 1.312533543189616609e-03 -6.551836403057647272e-04 -8.280710070828857039e-04 1.356378730641032426e-01 1.351336708598949166e-01 1.328946817951240367e-01
1.900000000000000000e+01 1.405612783080038564e-01 1.399772730333099513e-01 1.427426762135193261e-01 1.328424526964261665e-01 1.333953908268506461e-01 1.327556434155013065e-01 9.527058042239241976e-04 4.712949797372523175e-03 7.550814136575023303e-03 6.766119807353775106e-03 1.868932409086782910e-03 2.436218661443021859e-03 1.396085725037799763e-01 1.352643232359374281e-01 1.351918620769443635e-01
1.950000000000000000e+01 1.330012627374797529e-01 1.440002781195702519e-01 1.367740301026477423e-01 1.319902491505602626e-01 1.331019237831632951e-01 1.320436734796658629e-01 -3.629930678102757935e-03 8.457874171043726699e-03 9.926001629383838717e-04 4.640944265022355769e-03 2.440480165363189801e-03 3.737756460043519836e-03 1.366311934155825802e-01 1.355424039485264576e-01 1.357814299397094304e-01
2.000000000000000000e+01 1.337845789364970894e-01 1.422482520341047940e-01 1.302115674598895156e-01 1.311661181154775702e-01 1.324954682295637620e-01 1.325387147684509159e-01 2.106617511288011359e-03 8.532330492897444510e-03 -1.120804302505095393e-03 5.118433097315810932e-04 1.220453311643614159e-03 -1.206343006056227914e-03 1.316779614252091279e-01 1.337159215412073721e-01 1.313323717623946507e-01
2.050000000000000000e+01 1.532014611054588749e-01 1.434680050245326077e-01 1.315324166347389134e-01 1.326921827176115731e-01 1.331244679938641262e-01 1.336289390802385124e-01 2.244140753789840986e-02 1.218497163373424494e-02 -8.094193579030591014e-04 -1.932129150051017062e-03 -1.841434603065789663e-03 -1.287103087596609598e-03 1.307600535675604858e-01 1.312830333907983316e-01 1.323418359926418764e-01
2.100000000000000000e+01 1.551235648005788170e-01 1.574986467558686376e-01 1.460318067210955861e-01 1.341221580811847724e-01 1.344506708770657755e-01 1.347371105710292727e-01 2.369762079978817923e-02 2.443693648486025896e-02 1.261766853352136626e-02 -2.696214080394129884e-03 -1.388960606057322014e-03 -1.322972383455029615e-03 1.314259440007905788e-01 1.330617102710084099e-01 1.334141381875742494e-01
2.150000000000000000e+01 1.331202314783618834e-01 1.488747962955458415e-01 1.448101823472960070e-01 1.348848183263900991e-01 1.358087018461766882e-01 1.361387329935456747e-01 -8.012242661054850982e-04 1.402903338776788703e-02 9.168158663019726831e-03 -9.633625819227280458e-04 -9.629389383987313217e-04 -4.967093092693259868e-04 1.339214557444673437e-01 1.348457629077779718e-01 1.356420236842762750e-01
2.200000000000000000e+01 1.408208126423911577e-01 1.481113439778606045e-01 1.425360919728002329e-01 1.371524809107995957e-01 1.372833407132957595e-01 1.379708504975815375e-01 5.622017501968133279e-04 9.097870323438776718e-03 1.633405074068646498e-03 3.106129981394692516e-03 1.730132941125964163e-03 2.931836401149973213e-03 1.402586108921942409e-01 1.390134736544217375e-01 1.409026868987315328e-01
2.250000000000000000e+01 1.676957400125070330e-01 1.609564721304913570e-01 1.556724404994396793e-01 1.385888281541777789e-01 1.395999346074754122e-01 1.401493470281926501e-01 2.782002835752644607e-02 2.050956207176590773e-02 1.485725096740611074e-02 1.286883500802731917e-03 8.469754512500021282e-04 6.658425038408979707e-04 1.398757116549806390e-01 1.404469100587253938e-01 1.408151895320335911e-01
2.300000000000000000e+01 1.631608438339540723e-01 1.525203453673395215e-01 1.551745100849401815e-01 1.398712259035427841e-01 1.418248180799803748e-01 1.411391274989444999e-01 2.225723746947230047e-02 1.008906447236444792e-02 1.496696488253402429e-02 1.032380460938954816e-03 6.064628149946844730e-04 -9.315822965383247379e-04 1.409036063644817927e-01 1.424312808949750320e-01 1.402075452024061641e-01
2.350000000000000000e+01 1.495944519704601183e-01 1.502130635454832219e-01 1.553268189035663105e-01 1.423645737077562645e-01 1.439043852539023949e-01 1.442465239157707246e-01 8.384943266473961557e-03 7.190485845877888499e-03 1.115410823411168775e-02 -1.155065003770035757e-03 -8.818075542971595725e-04 -7.381324631609514453e-05 1.412095087039861863e-01 1.430225776996052744e-01 1.441727106694546956e-01
2.400000000000000000e+01 1.463286902851708426e-01 1.483505672648527673e-01 1.610417853755388151e-01 1.437717308592599830e-01 1.452057181621131121e-01 1.469795131452635573e-01 5.907155886201310990e-03 4.810175849852964779e-03 1.411810615336554775e-02 -3.350196460290418357e-03 -1.665326747113355949e-03 -5.583392309027958750e-05 1.404215343989695386e-01 1.435403914149998295e-01 1.469236792221732812e-01
2.450000000000000000e+01 1.555647289116257326e-01 1.558042031230336966e-01 1.463318450296420825e-01 1.458125529199355563e-01 1.467698349780313660e-01 1.482018644923172035e-01 9.975219443159839133e-03 6.875838526573158777e-03 -1.109995583061500679e-03 -2.230434514695967050e-04 2.158529618429072452e-03 -7.600238796136657296e-04 1.455895094684659385e-01 1.489283645964605274e-01 1.474418406127035730e-01
2.500000000000000000e+01 1.808282649331138248e-01 1.636440102214060943e-01 1.666151831810645523e-01 1.467304283907834572e-01 1.479560089984705007e-01 1.486893204858403539e-01 2.818119092962749830e-02 1.116044085997506922e-02 1.405172350795363956e-02 5.916645612702925612e-03 4.527560362960428124e-03 3.874139187270541490e-03 1.526470740034863438e-01 1.524835693614308707e-01 1.525634596731109405e-01
2.550000000000000000e+01 1.887553840003962646e-01 1.878518322121018880e-01 1.650446557237854883e-01 1.480639694231973558e-01 1.496942140015256328e-01 1.486312224134666848e-01 4.049471205331647838e-02 3.719679978042074453e-02 1.536392469149508791e-02 1.967025238824715171e-04 9.608184301556623938e-04 1.049508618823760024e-03 1.482606719470797862e-01 1.506550324316812406e-01 1.496807310322904871e-01
2.600000000000000000e+01 1.548323872829991676e-01 1.658495109517117705e-01 1.625766994556320233e-01 1.481731365063695405e-01 1.495458910899132299e-01 1.488931007221182545e-01 5.131991211870278943e-03 1.510094253206578467e-02 1.339856228068399269e-02 1.527259564759302253e-03 1.202677329732656196e-03 2.850364528296978517e-04 1.497003960711288661e-01 1.507485684196459286e-01 1.491781371749479890e-01
2.650000000000000000e+01 1.633448324577582156e-01 1.545432824844422126e-01 1.525631145471001704e-01 1.477225544369226429e-01 1.494302279885561524e-01 1.489160946641125416e-01 1.447656672124562199e-02 4.241810383127336652e-03 3.848811213723758468e-03 1.145711299589935537e-03 8.712441127587965172e-04 -2.017913307360801175e-04 1.488682657365125450e-01 1.503014721013148924e-01 1.487143033333764019e-01
2.700000000000000000e+01 1.786308552805997707e-01 1.602228251159069639e-01 1.624990507628311376e-01 1.479693944983289378e-01 1.500047631750753840e-01 1.490582457893684931e-01 3.018145135405871093e-02 1.066053191439742844e-02 1.218204199320335225e-02 4.800094282121719841e-04 -4.424699735657512591e-04 1.258762980259258389e-03 1.484494039265411014e-01 1.495622932015095996e-01 1.503170087696277246e-01
2.750000000000000000e+01 1.628846973967956746e-01 1.608199583493452878e-01 1.510781965423510509e-01 1.465559259426957028e-01 1.490434155039352671e-01 1.480830975020371032e-01 1.651193242130119879e-02 1.068494586126287130e-02 3.245657400966841643e-03 -1.831609672012819300e-04 1.091596984147067892e-03 -2.505583606529057151e-04 1.463727649754944238e-01 1.501350124880822534e-01 1.478325391413842782e-01
2.800000000000000000e+01 1.752087987631241739e-01 1.721622781727827622e-01 1.712190571136331940e-01 1.455408224224583047e-01 1.477903125681520047e-01 1.474366397857476418e-01 3.088687706154958842e-02 2.422694867226119625e-02 2.613222906586765149e-02 -1.218900720883730722e-03 1.450169323695273235e-04 -2.349811737982061572e-03 1.443219217015746791e-01 1.479353295005216284e-01 1.450868280477656258e-01
2.850000000000000000e+01 1.635082963800467137e-01 1.548098840790550212e-01 1.557451458961187918e-01 1.434583726041073481e-01 1.467919877957432340e-01 1.465595344624988638e-01 2.315395908669366093e-02 1.010877177166948429e-02 9.789385206718671101e-03 -3.104035310754267151e-03 -2.090875488357700051e-03 -6.037737730986604415e-04 1.403543372933531708e-01 1.447011123073854988e-01 1.459557606894001103e-01
2.900000000000000000e+01 1.433938558185135215e-01 1.739430167250318182e-01 1.640713542616314413e-01 1.419941872292949103e-01 1.460591936066848451e-01 1.444859507030538115e-01 1.995123785169660314e-03 2.804928374622168291e-02 1.814211557364289046e-02 -5.954551959510747533e-04 -1.654606278746036053e-04 1.443287984934615116e-03 1.413987320333438269e-01 1.458937329788102533e-01 1.459292386879884607e-01
2.950000000000000000e+01 1.617193539560395632e-01 1.568902576312946051e-01 1.632558238395504790e-01 1.432244070399968927e-01 1.454038268807934520e-01 1.450885253505500572e-01 2.012069452506448294e-02 1.334057755173964806e-02 1.932854879758648392e-02 -1.625747609021777323e-03 -1.854146801238487543e-03 -1.161250308586093483e-03 1.415986594309751045e-01 1.435496800795548200e-01 1.439272750419639813e-01
3.000000000000000000e+01 1.629983757486936913e-01 1.483938240073466863e-01 1.486068793537445032e-01 1.439712363190363831e-01 1.452215142399384817e-01 1.447195472206176114e-01 1.894847787184745710e-02 3.213663498090693973e-03 3.643242626504175456e-03 7.866155780988701011e-05 -4.135373068256976970e-05 2.440895066227407077e-04 1.440498978768463278e-01 1.451801605092559455e-01 1.449636367272403303e-01
3.050000000000000000e+01 1.557018968161329175e-01 1.543597617104891240e-01 1.540313244500533252e-01 1.425540787002410881e-01 1.417847837676483869e-01 1.432621793954449441e-01 1.005280706357640150e-02 1.005615989633880381e-02 7.963988380473631737e-03 3.095011052315464403e-03 2.518818046501891238e-03 2.805156674134838719e-03 1.456490897525565820e-01 1.443036018141502785e-01 1.460673360695796674e-01
3.100000000000000000e+01 1.710245010912921082e-01 1.572130535942271590e-01 1.739464436648811563e-01 1.424492582463519896e-01 1.409991712423076804e-01 1.428242645821078960e-01 2.986852658002880564e-02 1.632195965407686605e-02 2.963067303924919044e-02 -1.293283735088664524e-03 -1.080773021573215180e-04 1.491506043524049030e-03 1.411559745112632436e-01 1.408910939401502860e-01 1.443157706256319728e-01
3.150000000000000000e+01 1.610191903649463296e-01 1.608167069881675237e-01 1.612083037922510675e-01 1.421267400654821489e-01 1.411498169052947393e-01 1.424693936767652269e-01 1.956182399350460052e-02 2.045263119284919384e-02 1.723044492673013808e-02 -6.693736940403591630e-04 -7.857411099763519837e-04 1.508465188755693433e-03 1.414573663714417395e-01 1.403640757953183438e-01 1.439778588655208913e-01
3.200000000000000000e+01 1.709096632019747319e-01 1.741542319870401923e-01 1.715092694211443058e-01 1.419122330507670560e-01 1.400295682066687586e-01 1.416075768049588346e-01 3.028262258695646469e-02 3.570455455624847729e-02 3.025442448688081890e-02 -1.285192435748783949e-03 -1.579890775877037992e-03 -3.527318706953175027e-04 1.406270406150182395e-01 1.384496774307917011e-01 1.412548449342635459e-01
3.250000000000000000e+01 1.487148904573662167e-01 1.430592155513139840e-01 1.451776324881949576e-01 1.421065448867547543e-01 1.393492695842463713e-01 1.409596034123233865e-01 6.568503306816988324e-03 4.201370579392725048e-03 5.379194974431222680e-03 3.984226379449208491e-05 -4.914246123251275224e-04 -1.161165898559680899e-03 1.421463871505490861e-01 1.388578449719211905e-01 1.397984375137637236e-01
3.300000000000000000e+01 1.569955465883955958e-01 1.437589718831606411e-01 1.523951605053895653e-01 1.422283506348602233e-01 1.389861993641443860e-01 1.419155562064194909e-01 1.594270573092456539e-02 5.471486288017797343e-03 1.117254656345107768e-02 -1.175509777389125224e-03 -6.987137690015737942e-04 -6.929422644810491428e-04 1.410528408574711623e-01 1.382874855951427839e-01 1.412226139419384408e-01
3.350000000000000000e+01 1.524056853617848928e-01 1.528009953646661534e-01 1.623717399955862950e-01 1.411556237293450922e-01 1.376883688462502697e-01 1.403056133003643680e-01 1.256185107579881922e-02 1.658496802525485578e-02 2.398199762758732728e-02 -1.311789443359002126e-03 -1.472341506839041064e-03 -1.915870932365366843e-03 1.398438342859860961e-01 1.362160273394113219e-01 1.383897423679989469e-01
3.400000000000000000e+01 1.610809976080856964e-01 1.456795581175340248e-01 1.647873997838807114e-01 1.397968011140235667e-01 1.368902744037804042e-01 1.393488503740994422e-01 2.122306653849980948e-02 9.902193978299427685e-03 2.522977836851482067e-02 6.112995556230345503e-05 -1.112910264545838518e-03 2.087710412664759514e-04 1.398579310695859390e-01 1.357773641392345798e-01 1.395576214153658734e-01
3.450000000000000000e+01 1.753942048013738264e-01 1.450620123261296412e-01 1.538944092680442355e-01 1.372695083130580085e-01 1.354330614806682487e-01 1.383927781002449731e-01 3.959056669546240359e-02 9.942917129294442241e-03 1.666101971072159529e-02 -1.465870207146537096e-03 -3.139662838330229983e-04 -1.159388542922259579e-03 1.358036381059115061e-01 1.351190951968352372e-01 1.372333895573227547e-01
3.500000000000000000e+01 1.511175674402706059e-01 1.453865288916892651e-01 1.478975432210327123e-01 1.350744887181102305e-01 1.355289937145140733e-01 1.371764098676495902e-01 1.551767019963374433e-02 8.045189099798961962e-03 9.961782505875867860e-03 5.254085225266833751e-04 1.812346077376166724e-03 7.593508475071755488e-04 1.355998972406368963e-01 1.373413397918902823e-01 1.379357607151567855e-01
3.550000000000000000e+01 1.426662463678601833e-01 1.373155968784358638e-01 1.421077644155758490e-01 1.346349881215705147e-01 1.367681500015892893e-01 1.377401631787540659e-01 7.547050435720317058e-03 4.478804147468942731e-04 4.464353403003058773e-03 4.842078105693300885e-04 9.956646209975203335e-05 -9.675216618127060596e-05 1.351191959321398628e-01 1.368677164636890042e-01 1.376434110125728250e-01
3.600000000000000000e+01 1.459432115234004235e-01 1.506588609827463066e-01 1.535811198459567928e-01 1.338267976229835232e-01 1.360926993269069851e-01 1.367393731046328276e-01 1.203828598905659457e-02 1.274935195101599937e-02 1.625672387953343290e-02 7.812791136029757799e-05 1.816809704823276524e-03 5.850228617904898107e-04 1.339049255343438549e-01 1.379095090317303263e-01 1.373243959664232905e-01
3.650000000000000000e+01 1.660506927740529604e-01 1.549878099307097079e-01 1.533819429437311144e-01 1.325198391121249208e-01 1.339078023372596016e-01 1.349528121213329490e-01 3.139113442431818585e-02 2.073894399346477499e-02 1.858859492916964742e-02 2.139719237609874047e-03 3.410635999853352425e-04 -1.594641067714172317e-04 1.346595583497347537e-01 1.342488659372449433e-01 1.347933480145614982e-01
3.700000000000000000e+01 1.652320047710148232e-01 1.526494358719064359e-01 1.452318765876320361e-01 1.314756803991959933e-01 1.330997236377672033e-01 1.344779908549145198e-01 3.205545492036598193e-02 1.836589130712633355e-02 1.154042713772596672e-02 1.700869451452856037e-03 1.183820927012832307e-03 -7.865414050084217415e-04 1.331765498506488621e-01 1.342835445647800885e-01 1.336914494499060191e-01
3.750000000000000000e+01 1.514273218373744789e-01 1.529188937236752865e-01 1.491409559554361386e-01 1.299810159728561898e-01 1.318392443416122051e-01 1.326576509957148597e-01 2.349014625246186386e-02 2.298369080660351768e-02 1.692104609108251168e-02 -2.043840387943573426e-03 -1.904041424540341880e-03 -4.377411313612989091e-04 1.279371755849126602e-01 1.299352029170718348e-01 1.322199098643536130e-01
3.800000000000000000e+01 1.489157597435694924e-01 1.533045185151501455e-01 1.473625288688019397e-01 1.344751138102764088e-01 1.366643848293019325e-01 1.365654813913827481e-01 1.758763311236602803e-02 1.805977261397673575e-02 1.174345006898304053e-02 -4.762375535500935377e-03 -2.429656584106207502e-03 -3.336532362288729524e-03 1.297127382747754465e-01 1.342347282451957224e-01 1.332289490290940182e-01
3.850000000000000000e+01 2.321569042730607657e-01 2.377218305951916133e-01 2.335212115776768849e-01 2.066358823267241962e-01 2.092558648914997765e-01 2.122781125938466573e-01 2.174059909517497488e-02 2.123455051151772882e-02 1.786406362130082276e-02 -6.597334684540077563e-05 4.195595590084238188e-04 5.056875285959821966e-04 2.065699089798787025e-01 2.096754244505081854e-01 2.127838001224426345e-01
3.900000000000000000e+01 2.432861572448262177e-01 2.465677832179716533e-01 2.547708423179765314e-01 2.355482253686012883e-01 2.390236908789462600e-01 2.421677449172364716e-01 7.983061212787698549e-03 6.539538587019416704e-03 1.237627580387830675e-02 -1.135530424882688324e-04 1.105436122447864787e-03 2.825760766604975432e-04 2.354346723261130925e-01 2.401291270013941048e-01 2.424503209938969617e-01
3.950000000000000000e+01 1.124110585687267128e-01 1.188272195430551958e-01 1.185635627435534523e-01 1.129030441435410897e-01 1.149147888072768880e-01 1.157221338326912818e-01 -4.531482741665733473e-04 4.166214722878903987e-03 2.188034166489612620e-03 -2.749148715906614242e-04 -2.572493017507922978e-04 1.129547594054491314e-04 1.126281292719503446e-01 1.146575395055260960e-01 1.158350885920967077e-01
4.000000000000000000e+01 2.895804772925737458e-01 1.482197124064677241e-01 1.418879538073288260e-01 7.970788997284163069e-02 8.058035436519916939e-02 8.164522313537744824e-02 1.523810120690990630e-03 5.419554637288647673e-04 5.273987387062890582e-04 -4.388310487979988316e-04 -2.958413880150807611e-04 -2.523375196604180971e-04 7.926905892404366438e-02 8.028451297718409985e-02 8.139288561571701719e-02
4.250000000000000000e+01 1.176046390986517504e-01 1.276038762088329559e-01 1.272585771798499799e-01 1.320691845104856321e-01 1.331731051747518102e-01 1.329515888023613812e-01 8.609183505985020662e-05 1.615524137761271864e-04 1.246922616628311643e-04 -6.810739693255912861e-04 -5.399126185636118479e-05 -1.465085676191298406e-04 1.313881105411600081e-01 1.331191139128955481e-01 1.328050802347423287e-01
4.500000000000000000e+01 1.257924778941677812e-01 1.364486844476704430e-01 1.288634467674701078e-01 1.367876412814489906e-01 1.369764672981650389e-01 1.361311185563469361e-01 -3.353350133200372801e-05 -1.716708151618515272e-05 -8.966037713886831754e-06 -7.418987125126754649e-05 4.553346549421645223e-04 -8.804828955692710899e-05 1.367134514101978060e-01 1.374318019531072244e-01 1.360430702667899949e-01
4.750000000000000000e+01 1.246343558239940974e-01 1.299524034604967737e-01 1.290997532603821996e-01 1.342937563648358701e-01 1.335440530305195550e-01 1.348169900385826070e-01 -7.033661304038051597e-05 -6.058301351469853505e-05 -6.544912001106315620e-05 -2.077582657027536345e-04 3.037346573574115083e-04 2.569053356238465663e-04 1.340859980991331302e-01 1.338477876878769735e-01 1.350738953742064152e-01
5.000000000000000000e+01 1.249976590398888671e-01 1.258070532175075418e-01 1.312137112127296779e-01 1.322209298120129717e-01 1.319310701735850466e-01 1.331074444779551114e-01 -9.751708439327475607e-06 -5.871955837593421601e-06 -2.803577179200363155e-06 -5.133924328092061111e-04 -1.755096995752832446e-04 -9.495664909044777618e-05 1.317075373792038484e-01 1.317555604740096586e-01 1.330124878288646562e-01
5.250000000000000000e+01 1.351586506050746483e-01 1.423253274505855426e-01 1.438646739911224048e-01 1.338705107908242653e-01 1.349617645515336084e-01 1.332119796271450107e-01 -9.770782206488836844e-06 1.572627005749352354e-05 -2.034058839411914170e-05 1.255975170191964141e-03 3.772753535277003278e-04 4.806823113545025811e-04 1.351264859610162850e-01 1.353390399050612980e-01 1.336926619384995185e-01
5.500000000000000000e+01 1.284779963755459109e-01 1.343518170383307675e-01 1.303751217309479793e-01 1.352129024742628194e-01 1.360796531310867752e-01 1.338965112503936739e-01 2.275360449097284135e-04 5.273755118932350601e-05 6.847289929536497309e-05 -7.527627634036479411e-04 -4.939961217823179724e-04 -3.446296913295192896e-04 1.344601397108591834e-01 1.355856570093044444e-01 1.335518815590641672e-01
5.750000000000000000e+01 1.311375207082994543e-01 1.339238602708399395e-01 1.302746701208684910e-01 1.358377478815224193e-01 1.347885158748811651e-01 1.354950924401985834e-01 9.362278416359661809e-06 1.047387821378484575e-05 6.546335774614766721e-05 1.213997396459675824e-04 -7.613180721649757683e-05 1.388414247666932724e-05 1.359591476211683969e-01 1.347123840676646978e-01 1.355089765826752723e-01
6.000000000000000000e+01 1.231761584291341666e-01 1.301852520281973902e-01 1.306977949404785344e-01 1.355432367221053869e-01 1.339471041067493151e-01 1.340579069417092983e-01 -5.499501564647226121e-05 -2.086422984224537328e-05 -3.837129278148273561e-05 -8.270644394184945057e-04 -4.482480830457999410e-04 -4.014637065987705037e-04 1.347161722826868135e-01 1.334988560237034827e-01 1.336564432351105836e-01
6.250000000000000000e+01 1.348182619461004428e-01 1.338263950994323104e-01 1.281038213289429628e-01 1.335381549522244582e-01 1.331345768925329964e-01 1.310884114943871026e-01 -6.332808568169150608e-05 -3.987348662613684314e-05 -1.764520406257302009e-05 -5.494666937293590878e-04 -3.591453607737406391e-04 -5.703654781526456023e-04 1.329886882584950247e-01 1.327754315317592748e-01 1.305180460162344014e-01
6.500000000000000000e+01 1.385926609381520902e-01 1.418785857463219502e-01 1.370341228818069135e-01 1.330554573743300273e-01 1.332042461788370824e-01 1.328071230204445341e-01 -3.550393007562876335e-06 -3.312868514526461810e-05 6.700205218425811494e-05 -3.297120784481709366e-04 -1.116478780430057180e-04 9.455605205402907692e-05 1.327257452958818529e-01 1.330925983007941182e-01 1.329016790724985853e-01
6.750000000000000000e+01 1.311750283680202800e-01 1.297972318531609437e-01 1.363553241910995251e-01 1.338706976790865477e-01 1.348657482188253820e-01 1.350706253291762415e-01 -1.257825278464876726e-05 1.742699508188045308e-05 -1.977723831490118631e-05 7.244242298338145116e-04 2.947585949816921690e-04 4.298440359612673025e-04 1.345951219089202844e-01 1.351605068138070909e-01 1.355004693651375158e-01
7.000000000000000000e+01 1.229730632831222276e-01 1.344717715813877890e-01 1.363556647253768295e-01 1.348540335938654966e-01 1.360443348626699245e-01 1.346242624659884091e-01 -7.324547200631197980e-06 -1.937096092472708613e-06 -1.238476923791197295e-06 -3.584305281674619913e-04 -8.948608012161062995e-05 9.352934267755030852e-05 1.344956030656980495e-01 1.359548487825483210e-01 1.347177918086659709e-01
7.250000000000000000e+01 1.272083127969836913e-01 1.311331886643248568e-01 1.320345314345570675e-01 1.365918756980795956e-01 1.366009222414460988e-01 1.357735380918251300e-01 -2.232615362595710533e-05 -1.309426687585301421e-05 -1.377834262231330023e-05 6.080371664989958711e-04 5.715815933239632449e-04 -1.976726257624822239e-04 1.371999128645785548e-01 1.371725038347700043e-01 1.355758654660625673e-01
7.500000000000000000e+01 1.337380952228771624e-01 1.350442173473618834e-01 1.390412341689220010e-01 1.385192870607318549e-01 1.359661926511168129e-01 1.366722482399670424e-01 -2.665295470984709939e-05 -1.781584824921842922e-05 -6.947459052752304260e-06 1.747290472533940230e-03 1.053501808803043943e-03 9.676333712281612450e-04 1.402665775332657683e-01 1.370196944599198219e-01 1.376398816111952250e-01
7.750000000000000000e+01 1.288252500882981211e-01 1.360981947712694429e-01 1.372406382687222370e-01 1.379734987959309322e-01 1.365316594597927868e-01 1.370129650775008534e-01 -5.010850721032554045e-05 -1.549445589219262983e-05 -2.412332112207426032e-05 -7.400687629599827112e-05 1.278557102151506753e-04 -3.859995194532335624e-04 1.378994919196348534e-01 1.366595151700078781e-01 1.366269655580475972e-01
8.000000000000000000e+01 1.302594824008157515e-01 1.355911024188226899e-01 1.436804543743269436e-01 1.353007091888647762e-01 1.363766957988026829e-01 1.370580436785326373e-01 5.184796762818619529e-05 -3.107556939426442486e-04 1.195614131828165769e-04 -7.540406671590158688e-05 -6.492506093672210498e-05 -1.232332130698302432e-04 1.352253051221488644e-01 1.363117707378659615e-01 1.369348104654627696e-01
8.250000000000000000e+01 1.339103260314006560e-01 1.354667729494325179e-01 1.361191404298703889e-01 1.364054139200615579e-01 1.370856935048212488e-01 1.374094157930668969e-01 -4.112201277138813777e-05 -2.860274976224359107e-05 -2.685167289472677635e-05 -5.902964215974906706e-04 -1.896803206674181695e-04 -1.334055602763294687e-04 1.358151174984641441e-01 1.368960131841538974e-01 1.372760102327906517e-01
8.500000000000000000e+01 1.305090677011278288e-01 1.393846531979727188e-01 1.363643997851991807e-01 1.377094985790106862e-01 1.385896913655521312e-01 1.377713276873109294e-01 -3.499539060883795127e-05 -2.055932827493212725e-05 -2.144379571631451913e-05 3.489988147634648613e-04 -3.093272430993878165e-04 1.948445280241493948e-04 1.380584973937742099e-01 1.382803641224527313e-01 1.379661722153351089e-01
8.750000000000000000e+01 1.254508694999272866e-01 1.342022668783112438e-01 1.327526580292333891e-01 1.390998788589319080e-01 1.391171639304867869e-01 1.390384069588010973e-01 -2.434276406480057338e-05 -2.656340769502660968e-05 -1.789963709826297939e-05 -5.859456922825724556e-04 -9.828473753876334844e-05 -5.628918124381871889e-04 1.385139331666493667e-01 1.390188791929479750e-01 1.384755151463628875e-01
9.000000000000000000e+01 1.410263277694294159e-01 1.430761700764338895e-01 1.384013593637717920e-01 1.406553539798917896e-01 1.397540115642426084e-01 1.403166903530065901e-01 -1.501659237848247380e-05 -5.281242658001476261e-05 -4.809519132467496771e-05 -3.041962671842058708e-04 -1.645324984884787966e-04 1.367276243857955698e-04 1.403511577127075638e-01 1.395894790657541407e-01 1.404534179773924696e-01
9.250000000000000000e+01 1.262293325812509359e-01 1.363837007921709088e-01 1.373366339554124294e-01 1.398174407201908942e-01 1.383552906082545775e-01 1.394743400702657676e-01 -8.675717830704764415e-05 -2.048620866600322162e-05 -2.893302285349138287e-05 1.262265947072743022e-05 9.344388163857752529e-05 -3.648829523809252835e-04 1.398300633796616677e-01 1.384487344898931438e-01 1.391094571178848882e-01
9.500000000000000000e+01 1.372085313715954713e-01 1.372084845161183897e-01 1.369915639935501139e-01 1.386066051160111945e-01 1.387379529160276403e-01 1.386718355422557059e-01 1.434087385041339917e-04 2.175531607092800671e-05 2.569902655171389059e-05 -1.618739231997555884e-04 -4.312787525746033569e-05 4.142375312214760671e-04 1.384447311928114488e-01 1.386948250407701311e-01 1.390860730734772011e-01
9.750000000000000000e+01 1.363575661293280339e-01 1.352915223682525925e-01 1.348314746677807818e-01 1.391155807092643304e-01 1.400124514342230286e-01 1.398263562948777183e-01 -2.524761968323187679e-05 -3.029307185305850624e-05 -2.272848109800390990e-05 -1.375923736670080276e-04 -9.272362550548977043e-05 -6.314428604609859542e-05 1.389779883355972689e-01 1.399197278087175311e-01 1.397632120088317109e-01
