#x_pos #P_tot_x #P_tot_y #P_tot_z #P_v2_x #P_v2_y #P_v2_z #P_obs_par_x #P_obs_par_y #P_obs_par_z #P_par_par_x #P_par_par_y #P_par_par_z #P_par_v2_x #P_par_v2_y #P_par_v2_z 
-9.750000000000000000e+01 4.238222877294075097e+00 2.953335972688067468e+00 2.948726631245810914e+00 9.384696579846698583e-01 8.946591597496735826e-01 9.037330757432030515e-01 0.000000000000000000e+00 0.000000000000000000e+00 0.000000000000000000e+00 2.673314958538467335e-03 -2.501575031962703340e-04 8.034833637025128950e-04 9.411429729432084779e-01 8.944090022464772360e-01 9.045365591069056688e-01
-9.500000000000000000e+01 7.384557045738880277e+00 4.860325553786052133e+00 4.869231657650042067e+00 1.002361462793323499e+00 9.741819695179411154e-01 9.727584928175734280e-01 0.000000000000000000e+00 0.000000000000000000e+00 0.000000000000000000e+00 1.137351382410551476e-02 8.475096079655625517e-03 8.007394486410352244e-03 1.013734976617428840e+00 9.826570655975963575e-01 9.807658873039839520e-01
-9.250000000000000000e+01 1.130730030764043192e+01 7.367598333282083800e+00 7.296625462801790363e+00 1.069600513714290102e+00 1.040983291775368746e+00 1.039198344414314912e+00 0.000000000000000000e+00 0.000000000000000000e+00 0.000000000000000000e+00 1.555809550714970339e-02 1.070367823502455656e-02 1.026923004361472713e-02 1.085158609221439585e+00 1.051686970010393685e+00 1.049467574457929153e+00
-9.000000000000000000e+01 1.553675208723604406e+01 1.004765631461666153e+01 9.947695922998079254e+00 1.132341510003601392e+00 1.102207294789056435e+00 1.106552826013559088e+00 0.000000000000000000e+00 0.000000000000000000e+00 0.000000000000000000e+00 1.774352442798994914e-02 1.195132742091552583e-02 1.146847856102058832e-02 1.150085034431591158e+00 1.114158622209971972e+00 1.118021304574579489e+00
-8.750000000000000000e+01 1.567206947426454633e+01 1.004390595649020490e+01 9.187966573199769726e+00 1.188219944064869305e+00 1.161235535194707458e+00 1.160419237845852880e+00 -6.211771457845775444e-05 -1.357049638246028081e-05 -5.470906832337256128e-06 2.192778331263072270e-02 1.057482981640607209e-02 1.223227990977774314e-02 1.210147727377500315e+00 1.171810365011114019e+00 1.172651517755630701e+00
-8.500000000000000000e+01 1.564529021069711767e+01 1.018683988029779819e+01 8.941927244302855016e+00 1.221982990551691461e+00 1.204595738732137100e+00 1.203033430674464554e+00 -1.183635519401295174e-05 3.499711810303674855e-06 -7.351892402182665238e-06 1.345074356954557848e-02 6.913932503756322484e-03 6.782752035358488238e-03 1.235433734121237359e+00 1.211509671235892815e+00 1.209816182709823051e+00
-8.250000000000000000e+01 1.577626002598220722e+01 1.031080656111035943e+01 8.802197681695833609e+00 1.250068049599014630e+00 1.235759909291316738e+00 1.238029740420656610e+00 -1.831374113461258610e-05 -9.525141140493472314e-06 -2.055377764162541116e-05 1.882433602278980184e-02 1.090731283470908718e-02 1.051943043609149774e-02 1.268892385621804175e+00 1.246667222126025765e+00 1.248549170856747770e+00
-8.000000000000000000e+01 1.555359148415980108e+01 1.019566915004123153e+01 8.445964640151894187e+00 1.284129023126174829e+00 1.266863766559472637e+00 1.266873743567681787e+00 -8.715423136476822678e-07 -2.476356047747681946e-06 -9.935225929730599067e-07 2.163159493811205383e-02 1.561861352046816677e-02 1.362028856200422737e-02 1.305760618064286893e+00 1.282482380079940754e+00 1.280494032129686488e+00
-7.750000000000000000e+01 1.591321670852713765e+01 1.040000588261078995e+01 8.646955627436385683e+00 1.309916889497945602e+00 1.297793700763108626e+00 1.292272569386232917e+00 -1.588618206941544225e-05 -1.330442277929589972e-05 -1.079314358595620964e-05 2.253351415184277201e-02 1.476595275337298091e-02 1.192225076709005870e-02 1.332450403649788839e+00 1.312559653516481628e+00 1.304194820153323997e+00
-7.500000000000000000e+01 1.566609741051960469e+01 1.039441203921509960e+01 8.618815509791581064e+00 1.341694455599578673e+00 1.328556243625286681e+00 1.324299291765190123e+00 -1.740396764064194602e-05 -6.033811743703425789e-06 -3.289802680204302883e-06 2.688572596350947974e-02 1.242902817783444851e-02 1.720018670148082060e-02 1.368580181563088471e+00 1.340985271803121437e+00 1.341499478466671169e+00
-7.250000000000000000e+01 1.571122427866423621e+01 1.052219277307931122e+01 8.719138699032415118e+00 1.370104785667412894e+00 1.347000799463673459e+00 1.349769890941024286e+00 -4.461193120045582594e-05 -2.119336952598500838e-05 -4.372716883571767417e-05 1.910409240491698149e-02 1.287286487748714840e-02 6.091202072518164638e-03 1.389208878072329512e+00 1.359873664341160415e+00 1.355861093013542407e+00
-7.000000000000000000e+01 1.570174336896751655e+01 1.040958634419515683e+01 8.794436290149736379e+00 1.387484616486047484e+00 1.358589332770680391e+00 1.365890266617074689e+00 -2.547717375643965317e-05 -1.535743717831578796e-05 -4.509938140431162302e-06 1.647973950743152061e-02 1.141730910466602633e-02 8.598018127685614492e-03 1.403964355993479352e+00 1.370006641875347153e+00 1.374488284744759703e+00
-6.750000000000000000e+01 1.559585363516997170e+01 1.046464858590835334e+01 8.994868216777790693e+00 1.405011374374825817e+00 1.381663584840717052e+00 1.388129193235712266e+00 -9.786018117404329862e-06 -8.084095106040089284e-06 -4.060279028946484416e-06 1.523742243946136533e-02 1.080613217405590985e-02 1.095031085659943504e-02 1.420248796814287395e+00 1.392469717014772845e+00 1.399079504092311854e+00
-6.500000000000000000e+01 1.570289324299488065e+01 1.053388089825259577e+01 9.123932556996779297e+00 1.425978811542242930e+00 1.409463825180897967e+00 1.404778387148616803e+00 8.965824453937757234e-05 2.000521576863369848e-04 4.529261731488061585e-05 1.903488423775052604e-02 1.102207098584806998e-02 1.626455280531066000e-02 1.445013695779993279e+00 1.420485896166746143e+00 1.421042939953927720e+00
-6.250000000000000000e+01 1.566889097450745183e+01 1.057343373956226351e+01 9.161461718397919896e+00 1.451471578003526330e+00 1.434740653280711431e+00 1.432790542757751195e+00 -7.141017257256764114e-05 -4.097187770336665596e-05 -2.963014038259549426e-05 2.722574379844067138e-02 1.296325143928247527e-02 1.536153533886516070e-02 1.478697321801967002e+00 1.447703904719994661e+00 1.448152078096616391e+00
-6.000000000000000000e+01 1.560231148318896643e+01 1.048781904004606247e+01 9.223714857892991503e+00 1.474927778519434574e+00 1.460741142600658904e+00 1.460356849727447504e+00 -3.356390670648768618e-05 -1.897613961953389009e-05 -2.567135070022881480e-05 1.559044414519055420e-02 8.403145831703312876e-03 8.144241594339329468e-03 1.490518222664625192e+00 1.469144288432362888e+00 1.468501091321786856e+00
-5.750000000000000000e+01 1.567239712609104885e+01 1.059603298426598528e+01 9.582575617365005627e+00 1.504393724820168865e+00 1.487411564331371672e+00 1.482717914761051414e+00 -3.831276124225157554e-05 -2.115192659786793741e-05 -2.780085070307040419e-05 2.083677416466941934e-02 7.653492482826299362e-03 1.047944992040761476e-02 1.525230498984839089e+00 1.495065056814198101e+00 1.493197364681458694e+00
-5.500000000000000000e+01 1.580439407308712063e+01 1.068680094024081839e+01 9.557607830557348194e+00 1.534035166068855816e+00 1.519584867305126430e+00 1.512818581147651775e+00 -4.817941625255617365e-05 -2.456292011004799735e-05 -3.203315226139152714e-05 1.385510087630694234e-02 1.024706213908428871e-02 6.656556138000663085e-03 1.547890266945162185e+00 1.529831929444210870e+00 1.519475137285652089e+00
-5.250000000000000000e+01 1.571996507645767061e+01 1.072453802387913768e+01 9.692801075232857499e+00 1.557946539153711507e+00 1.548038246951358055e+00 1.544778279938415100e+00 -6.170216787290629026e-05 -4.950059903580144227e-05 -7.918243735439461819e-05 1.769885371724048972e-02 9.114178989959030239e-03 1.080848731610906978e-02 1.575645392870952621e+00 1.557152425941317198e+00 1.555586767254524716e+00
-5.000000000000000000e+01 1.554556415853542539e+01 1.042019025073782856e+01 9.577815699078588096e+00 1.588668301637374602e+00 1.570969316672844895e+00 1.573937131692551672e+00 5.550778611855585864e-04 1.561808792445175376e-04 5.049369450398061678e-04 1.775413369237889907e-02 8.519013174099475047e-03 1.036188463229129574e-02 1.606422435329753595e+00 1.579488329846943984e+00 1.584299016324842713e+00
-4.750000000000000000e+01 1.545977833482973729e+01 1.043934146196790991e+01 9.821855770773280980e+00 1.622917412273962912e+00 1.589902578203240990e+00 1.594119163952504525e+00 -1.727748233477322402e-05 -4.011772827159511624e-06 1.107073865154268243e-04 1.757969736933467919e-02 1.193225225628680858e-02 7.511116632029952653e-03 1.640497109643297424e+00 1.601834830459528014e+00 1.601630280584535049e+00
-4.500000000000000000e+01 1.561071013396660234e+01 1.053052514106722981e+01 1.026374085295893046e+01 1.643914263305592094e+00 1.603959999727179619e+00 1.604095106058962550e+00 -3.060666829072866213e-04 -1.063271125024628716e-04 -1.883108164684038632e-04 1.689978037514698953e-02 1.105640528495110790e-02 1.131901857598436971e-02 1.660814043680738816e+00 1.615016405012130951e+00 1.615414124634946713e+00
-4.250000000000000000e+01 1.579075518271719680e+01 1.020274225997141393e+01 1.015784436309964356e+01 1.716401937407587841e+00 1.657952885597553383e+00 1.654930505382773420e+00 0.000000000000000000e+00 0.000000000000000000e+00 0.000000000000000000e+00 9.835293992811017585e-03 6.109549654430319540e-03 4.588886876431773863e-03 1.726237231400398864e+00 1.664062435251983718e+00 1.659519392259204862e+00
-4.000000000000000000e+01 1.592659079826055013e+01 5.819062865297969012e+00 5.783554296946195272e+00 1.166116893233790419e+00 1.065727519539244161e+00 1.064989813259191509e+00 1.475959981534090915e+01 4.751928239007464860e+00 4.715868044815932691e+00 8.740896858442733950e-04 1.407106751259266150e-03 2.696438871071650360e-03 1.166990982919634101e+00 1.067134626290503485e+00 1.067686252130262581e+00
-3.750000000000000000e+01 1.307163658733626832e+01 8.143456257040650570e+00 8.068852107114006245e+00 2.533893145568546945e+00 1.979566914679004919e+00 1.967161320178200556e+00 1.049313595835209156e+01 6.147683720249943029e+00 6.061195226513955703e+00 4.460748341563178926e-02 1.620562211169795583e-02 4.049556042184712656e-02 2.578500628984178977e+00 1.995772536790702434e+00 2.007656880600046989e+00
-3.500000000000000000e+01 1.267620549385896744e+01 7.996344394200535888e+00 8.035451515777712217e+00 2.594198350141944776e+00 2.050592273497496620e+00 2.029747074241761595e+00 1.001195952161921099e+01 5.924303423470274943e+00 5.959797145889666581e+00 7.004762209780890370e-02 2.144869723276278048e-02 4.590729564628470011e-02 2.664245972239753346e+00 2.072040970730259613e+00 2.075654369888046080e+00
-3.250000000000000000e+01 1.150982404865509956e+01 7.307610280590864704e+00 7.353946379425397417e+00 2.652237628060222452e+00 2.112189412654110754e+00 2.080405825551332466e+00 8.814016532730606812e+00 5.168175878382190724e+00 5.236098653035082151e+00 4.356988786427318933e-02 2.724498955456271937e-02 3.744190083897961513e-02 2.695807515924496300e+00 2.139434402208673980e+00 2.117847726390312602e+00
-3.000000000000000000e+01 1.104575108262804584e+01 7.073269617576001700e+00 7.304787232079006820e+00 2.703056721884315117e+00 2.147719573744050869e+00 2.141092271214572573e+00 8.234874237411327513e+00 4.863621459420682136e+00 5.117926721549377334e+00 1.078201233324058705e-01 6.192858441127016556e-02 4.576823931505493576e-02 2.810876845216721431e+00 2.209648158155321340e+00 2.186860510529627266e+00
-2.750000000000000000e+01 1.084042837039040208e+01 7.206586729517725942e+00 6.839009533862135726e+00 2.770616587317462187e+00 2.199688635725104646e+00 2.199561542375463308e+00 8.043810411463569565e+00 4.990582242724334705e+00 4.622592409797925406e+00 2.600137160937109060e-02 1.631585106828459600e-02 1.685558168874942350e-02 2.796617958926832070e+00 2.216004486793389461e+00 2.216417124064212540e+00
-2.500000000000000000e+01 9.899903776686665324e+00 6.268011223956534650e+00 6.379132269082609774e+00 2.811156641047700688e+00 2.220979173094365322e+00 2.194875547688035500e+00 7.041140932407373931e+00 4.008096330589285827e+00 4.157161500315925018e+00 4.760620323158770012e-02 3.893572027288509652e-02 2.709522107864773682e-02 2.858762844279288728e+00 2.259914893367250599e+00 2.221970768766684312e+00
-2.250000000000000000e+01 9.652273667936292156e+00 6.143729879380471992e+00 6.301099764678551374e+00 2.838330199458083403e+00 2.215839284136320586e+00 2.203504635301324122e+00 6.760109684977643418e+00 3.887314803824056142e+00 4.062720003100583455e+00 5.383378350056598066e-02 4.057579142009880985e-02 3.487512627664434567e-02 2.892163982958649182e+00 2.256415075556418071e+00 2.238379761577968807e+00
-2.000000000000000000e+01 9.500954934140430908e+00 6.225233221122668859e+00 6.101554341857256425e+00 2.887480800164470285e+00 2.227343394279247768e+00 2.240143577805511210e+00 6.595307282180693065e+00 3.983143061985150446e+00 3.853106645805521424e+00 1.816685179526707564e-02 1.474676485826946146e-02 8.304118246224427222e-03 2.905647651959736066e+00 2.242090159137517080e+00 2.248447696051736777e+00
-1.750000000000000000e+01 9.214403204574470152e+00 5.909910740682417618e+00 6.067076099859974647e+00 2.923150157796290394e+00 2.250742679591986484e+00 2.257585721529446587e+00 6.248787800387288982e+00 3.627333206880608785e+00 3.774230120764798802e+00 4.246524639088940234e-02 3.183485420982589548e-02 3.526025756572896686e-02 2.965615404187180282e+00 2.282577533801811942e+00 2.292845979095175846e+00
-1.500000000000000000e+01 8.594868465553684445e+00 5.620190370055265561e+00 5.550725663658276687e+00 2.930703085938582753e+00 2.290961045235965887e+00 2.266042637283860461e+00 5.646257977970313924e+00 3.312423876111087129e+00 3.276732419329332124e+00 1.790740164478752186e-02 1.680544870821153169e-02 7.950607045083967969e-03 2.948610487583371853e+00 2.307766493944177100e+00 2.273993244328943675e+00
-1.250000000000000000e+01 8.299903469151539426e+00 5.579698827194818023e+00 5.280135768426200471e+00 2.930125455372129650e+00 2.302900963647698696e+00 2.274335176360926969e+00 5.317448848652126081e+00 3.252923130151707642e+00 2.977264276069893079e+00 5.232916512728908592e-02 2.387473339541228146e-02 2.853631599538100638e-02 2.982454620499418230e+00 2.326775697043111268e+00 2.302871492356307837e+00
-1.000000000000000000e+01 7.788720303052448557e+00 5.065360735076199994e+00 5.064758500410602160e+00 2.963003944056277206e+00 2.296718787112141502e+00 2.269639280138006310e+00 4.816196662487505442e+00 2.755827969817344680e+00 2.790067318059804347e+00 9.519696508665423385e-03 1.281397814671118678e-02 5.051902212794836915e-03 2.972523640564944003e+00 2.309532765258853537e+00 2.274691182350800478e+00
-7.500000000000000000e+00 7.517656893335701085e+00 5.064948991359394803e+00 5.144654430260650280e+00 3.001251244430408693e+00 2.296225373236790546e+00 2.273721449681257667e+00 4.488968063584278134e+00 2.754415566824966799e+00 2.858090892496721214e+00 2.743758532101504832e-02 1.430805129763768752e-02 1.284208808267137819e-02 3.028688829751423395e+00 2.310533424534428448e+00 2.286563537763929066e+00
-5.000000000000000000e+00 7.236098979678883936e+00 4.798288959185352809e+00 4.816814504030574540e+00 3.012387055286105841e+00 2.285126777455220193e+00 2.285606664619218797e+00 4.165014796972787536e+00 2.485944942380671208e+00 2.501223190486014047e+00 5.869712741998913547e-02 2.721723934946134599e-02 2.998464892533996007e-02 3.071084182706094179e+00 2.312344016804682045e+00 2.315591313544559160e+00
-2.500000000000000000e+00 7.399075896415056697e+00 4.874777813621579803e+00 4.935889772123127628e+00 2.988269510941576446e+00 2.286171462533619803e+00 2.278887912543209104e+00 4.382927136420025960e+00 2.572983255905055167e+00 2.638806713858930397e+00 2.787924905345269544e-02 1.562309518290395244e-02 1.819514572098688068e-02 3.016148759995029405e+00 2.301794557716524636e+00 2.297083058264195010e+00
0.000000000000000000e+00 6.679824486612989887e+00 4.428678922136900731e+00 4.397161890854146549e+00 2.981512975138873145e+00 2.283113384466580076e+00 2.261103982217036457e+00 3.637567997510253726e+00 2.134660279220017109e+00 2.112492159788261770e+00 6.074351396386319657e-02 1.090525845030375363e-02 2.356574884884883592e-02 3.042256489102736605e+00 2.294018642916883621e+00 2.284669731065884779e+00
2.500000000000000000e+00 6.364759663346081453e+00 4.125149889786414725e+00 4.246530025798521457e+00 3.008418571757914162e+00 2.266408082098140930e+00 2.247925033175910858e+00 3.331168625178914766e+00 1.840869914245083727e+00 1.980500943142078585e+00 2.517246640925127621e-02 1.787189344319101147e-02 1.810404948053095583e-02 3.033591038167165355e+00 2.284279975541330554e+00 2.266029082656443538e+00
5.000000000000000000e+00 6.061355823711084945e+00 4.007741021121986158e+00 4.125381836844311145e+00 3.003572849729668093e+00 2.244575060785181098e+00 2.241893833564562843e+00 3.023359547888255783e+00 1.731571031647325398e+00 1.873469629401705250e+00 3.442342609316396268e-02 3.159492868947953725e-02 1.001837387804386907e-02 3.037996275822830494e+00 2.276169989474661204e+00 2.251912207442606118e+00
7.500000000000000000e+00 5.554214836913631714e+00 3.670511724476511528e+00 3.824674332716734071e+00 2.982440361150612063e+00 2.206881643173547403e+00 2.207390830359616807e+00 2.570508710018879484e+00 1.456490563161231711e+00 1.608503297136738786e+00 1.265765744137991320e-03 7.139518141734178293e-03 8.780205220378749231e-03 2.983706126894750454e+00 2.214021161315280484e+00 2.216171035579995507e+00
1.000000000000000000e+01 5.691836761673775946e+00 3.850140540619461316e+00 3.712341943328148819e+00 2.971349227981208596e+00 2.179051054687240363e+00 2.185880358525327249e+00 2.700251773212012818e+00 1.653758225225876899e+00 1.514666742008406786e+00 2.023576048055429968e-02 1.733126070634465402e-02 1.179484279441424428e-02 2.991584988461761796e+00 2.196382315393584861e+00 2.197675201319741589e+00
1.250000000000000000e+01 5.238156951637338743e+00 3.541404550810024698e+00 3.474362600668759349e+00 2.957352517015217508e+00 2.172261381424962945e+00 2.166750991557675032e+00 2.236415644585599605e+00 1.337881671255460425e+00 1.295629326033229667e+00 4.438879003652283078e-02 3.126149812960021812e-02 1.198228307785294613e-02 3.001741307051740471e+00 2.203522879554563385e+00 2.178733274635528794e+00
1.500000000000000000e+01 5.136742313617227218e+00 3.391583149962573263e+00 3.520659331174578632e+00 2.971892732653722113e+00 2.142000352692791765e+00 2.124683670101340294e+00 2.148569539943438134e+00 1.240837128580366988e+00 1.390122500520194482e+00 1.628004102006631870e-02 8.745668689414808072e-03 5.853160553045866528e-03 2.988172773673788196e+00 2.150746021382206052e+00 2.130536830654385039e+00
1.750000000000000000e+01 4.910458054752004919e+00 3.314748363634617334e+00 3.305618359967139597e+00 2.966411879802252738e+00 2.088029415385558973e+00 2.102897232974348274e+00 1.926542391242621166e+00 1.207503778138858008e+00 1.203874406604605873e+00 1.750378370712945067e-02 1.921517011020080004e-02 -1.153279611815232917e-03 2.983915663509382199e+00 2.107244585495759992e+00 2.101743953362531947e+00
2.000000000000000000e+01 4.919845358584172601e+00 3.164211988121653718e+00 3.278083678882001806e+00 2.923135199998811107e+00 2.038051111963412598e+00 2.046549128622383584e+00 1.986550281647084359e+00 1.114734022499171751e+00 1.218908370984262968e+00 1.015987693827641314e-02 1.142685365906842380e-02 1.262617927535499007e-02 2.933295076937089352e+00 2.049477965622481079e+00 2.059175307897738616e+00
2.250000000000000000e+01 4.499137619966190549e+00 2.776847242760725365e+00 2.882747674309803720e+00 2.923213274741125911e+00 2.007275598640626768e+00 2.003971992301937455e+00 1.568469032536368379e+00 7.706820958011101341e-01 8.507137803536053422e-01 7.455312688698120631e-03 -1.110451681010409886e-03 2.806190165426194344e-02 2.930668587429823724e+00 2.006165146959615342e+00 2.032033893956198156e+00
2.500000000000000000e+01 4.280148098962367698e+00 2.728493004146311574e+00 2.765945290394238310e+00 2.909673346325817977e+00 1.964680898051105684e+00 1.977279668068323337e+00 1.344129242372472888e+00 7.497260824810477731e-01 7.693057339851407939e-01 2.634551026407785240e-02 1.408602361415716223e-02 1.935988834077426168e-02 2.936018856589895254e+00 1.978766921665262801e+00 1.996639556409098182e+00
2.750000000000000000e+01 4.096307491003212675e+00 2.534264627617228705e+00 2.493965860176706073e+00 2.870562194430015701e+00 1.908036693936416839e+00 1.940543070382331869e+00 1.216284358970504575e+00 6.170573375424993623e-01 5.432210455704141738e-01 9.460937602690835599e-03 9.170596138313455783e-03 1.020174422395947467e-02 2.880023132032706545e+00 1.917207290074730786e+00 1.950744814606291788e+00
3.000000000000000000e+01 3.972622014692773984e+00 2.450272764521885360e+00 2.427431627056611863e+00 2.865422249800510190e+00 1.863418289733482780e+00 1.883305219965774047e+00 1.096806145037523494e+00 5.816860609378652347e-01 5.314455659641421637e-01 1.039361985473976485e-02 5.168413850537332578e-03 1.268084112669522548e-02 2.875815869655249823e+00 1.868586703584020681e+00 1.895986061092470365e+00
3.250000000000000000e+01 3.771136985793818841e+00 2.326706480339025607e+00 2.322251896636966073e+00 2.825726228424004560e+00 1.805039099946046610e+00 1.795622083153093351e+00 9.001001052862628304e-01 4.941313984392479708e-01 4.830172667248973095e-01 4.531065208355222751e-02 2.753598195373126861e-02 4.361254675897497518e-02 2.871036880507556788e+00 1.832575081899777913e+00 1.839234629912068320e+00
3.500000000000000000e+01 3.570412473970122402e+00 2.077511553782738218e+00 2.153322081774769359e+00 2.799713681524788278e+00 1.723466448462122935e+00 1.763497475678249105e+00 7.636554960774231127e-01 3.536773152281611488e-01 3.772870438108336666e-01 7.043296367911986572e-03 3.677900924544350047e-04 1.253756228568754169e-02 2.806756977892700178e+00 1.723834238554576848e+00 1.776035037963936247e+00
3.750000000000000000e+01 3.331735579313130913e+00 1.840798285506225263e+00 1.884568077299511479e+00 2.767506431415895474e+00 1.634645222340465720e+00 1.666422361302873911e+00 5.584445550632994859e-01 2.089620431895872765e-01 2.191032707345538788e-01 5.784592833935705940e-03 -2.808980023827490746e-03 -9.575547379155802032e-04 2.773291024249831871e+00 1.631836242316637930e+00 1.665464806564958655e+00
4.000000000000000000e+01 1.109952740948888561e+01 3.405316922096546239e+00 3.554484347445462600e+00 4.851277220503272147e+00 3.748815492610581224e+00 3.697942764881701816e+00 2.451456910040453185e-02 1.957982805926903810e-03 3.617094385240418944e-03 -7.325420056979285895e-03 -2.973668737382344478e-03 -5.281753403569173014e-03 4.843951800446292033e+00 3.745841823873198528e+00 3.692661011478131527e+00
4.250000000000000000e+01 2.112856616086710382e+00 1.651268530256495337e+00 1.647036885642172210e+00 1.533223102866638765e+00 1.310012573875657171e+00 1.309528243992245988e+00 -1.057471153947040757e-05 -3.959030535045050331e-05 -1.938776306046454203e-05 7.182814207226773107e-03 3.005992859800748693e-03 3.490085047182209070e-03 1.540405917073865760e+00 1.313018566735457915e+00 1.313018329039427723e+00
4.500000000000000000e+01 2.154428786649204230e+00 1.728453724384655166e+00 1.743352594186322602e+00 1.533879105831256862e+00 1.326639138843650256e+00 1.334852536076992058e+00 3.862939037982981473e-04 1.975451008187823388e-04 3.661619949770955531e-04 -2.448235988301385223e-05 -4.079447900611926116e-04 -9.486279015081536736e-04 1.533854623471373246e+00 1.326231194053589135e+00 1.333903908175484210e+00
4.750000000000000000e+01 2.120980569246508907e+00 1.735764484781450401e+00 1.741977119871101154e+00 1.513135661252158037e+00 1.333512679585713734e+00 1.342595600134802947e+00 -8.047551957789510365e-05 -8.473229875457801666e-05 -3.646154485719790183e-05 6.885012300604473855e-03 3.258730160427640403e-03 3.223208265586910079e-03 1.520020673552762602e+00 1.336771409746140948e+00 1.345818808400389921e+00
5.000000000000000000e+01 2.117316694525615883e+00 1.716144360636684185e+00 1.750686108850070477e+00 1.506198687455828855e+00 1.352354642721748768e+00 1.364797546152855201e+00 -2.693233526603249162e-05 -4.148185346256481936e-05 -1.975742060793348265e-05 5.262236456566309062e-03 1.359764134014057298e-03 1.540547212988187600e-03 1.511460923912394838e+00 1.353714406855762276e+00 1.366338093365843331e+00
5.250000000000000000e+01 2.093219125264809577e+00 1.734582524471712128e+00 1.744274494201896175e+00 1.501649515010934799e+00 1.370755343258985626e+00 1.366240742588920476e+00 -2.835994825743362515e-05 -1.975305282273983329e-05 -6.624939283661192406e-06 -6.165247074905872956e-04 -5.120891282143752834e-04 3.203598659314683354e-04 1.501032990303444059e+00 1.370243254130770749e+00 1.366561102454851850e+00
5.500000000000000000e+01 2.099197151874158340e+00 1.792878292661308048e+00 1.725168940668008632e+00 1.477685440562932051e+00 1.376002921223457021e+00 1.357322572507750014e+00 -4.797565370238921037e-05 -1.111793334920017385e-05 -7.928293015751752476e-06 9.116234702196597279e-04 1.117628477333847158e-04 -2.326858837246353797e-04 1.478597064033150721e+00 1.376114684071191085e+00 1.357089886624025299e+00
5.750000000000000000e+01 2.130156335071196505e+00 1.790780135446187860e+00 1.744053015503706394e+00 1.489552758658917897e+00 1.384386179778907655e+00 1.367736293024842897e+00 -5.984815260856037148e-05 -2.426117068642019830e-05 -4.373843254467177236e-05 4.049625301395360331e-03 3.423540130116831028e-04 1.641263604305048286e-03 1.493602383960312530e+00 1.384728533791918847e+00 1.369377556629148396e+00
6.000000000000000000e+01 2.117843815518270834e+00 1.777663107348967264e+00 1.790378456653751948e+00 1.491502952555150863e+00 1.390112113983737352e+00 1.393714946478355809e+00 -1.180870599566822509e-05 -2.180771285214153502e-06 -1.497558494439812988e-05 1.858649288488931940e-03 1.346141136473331685e-03 1.419694740607434962e-03 1.493361601843640196e+00 1.391458255120211041e+00 1.395134641218963356e+00
6.250000000000000000e+01 2.124509290488074242e+00 1.783171791237156745e+00 1.789863006436810400e+00 1.478951065220624583e+00 1.382244348506449727e+00 1.407880686956479277e+00 -2.981015962871827476e-05 -1.439190653322707947e-05 -1.059506423184884470e-05 1.965998476666560441e-03 1.795186454797881911e-03 1.389650678716467013e-03 1.480917063697291036e+00 1.384039534961247320e+00 1.409270337635195158e+00
6.500000000000000000e+01 2.118023497286764645e+00 1.800155299106695805e+00 1.821185862353273066e+00 1.477233561787618887e+00 1.388878323489919131e+00 1.392156050285345170e+00 9.650724056926731189e-04 5.574812639984807073e-04 2.082311126742981337e-04 5.976747125680982251e-03 2.185257600241107163e-03 2.553959813421832672e-03 1.483210308913299968e+00 1.391063581090160151e+00 1.394710010098766606e+00
6.750000000000000000e+01 1.971785574351029524e+00 1.702081138257743431e+00 1.713284562025548130e+00 1.469426177944499257e+00 1.393741095791936280e+00 1.384596420019612362e+00 -5.265865309606026091e-05 -1.735404407582702359e-05 -3.210102787170376133e-05 3.179054940547689379e-03 1.000629532328589037e-03 -5.996561063926155897e-04 1.472605232885046300e+00 1.394741725324265325e+00 1.383996763913219574e+00
7.000000000000000000e+01 2.100890296922226508e+00 1.781334807582494406e+00 1.821966090909209912e+00 1.470600043179796534e+00 1.388519322478833029e+00 1.401501073086830917e+00 -8.329587844333346299e-05 -2.137897234353622431e-05 -5.985779773678229167e-05 7.236720426234414388e-03 3.067294521015854949e-03 2.158555259613983458e-03 1.477836763606031223e+00 1.391586616999848314e+00 1.403659628346444865e+00
7.250000000000000000e+01 2.124357098115514653e+00 1.844215570210613109e+00 1.807166545078248365e+00 1.460714143244678409e+00 1.398923879612514520e+00 1.400929882134792859e+00 -8.651697998196230177e-05 -8.463699535075752515e-05 -6.557108428003442118e-05 1.007371036673557815e-03 1.648880891916444050e-03 2.079687775177755087e-03 1.461721514281351553e+00 1.400572760504431136e+00 1.403009569909970722e+00
7.500000000000000000e+01 2.049020931335578055e+00 1.792235213220301437e+00 1.750484729466501133e+00 1.453957994077974325e+00 1.398637806924093008e+00 1.385764804139161255e+00 -5.552512686072099882e-05 -1.729266276437620002e-05 -4.885467074974774002e-05 4.570875275903425392e-03 2.307225703035420232e-03 4.090695678212460246e-03 1.458528869353877377e+00 1.400945032627128439e+00 1.389855499817374218e+00
7.750000000000000000e+01 2.091915803059953394e+00 1.801874584276255797e+00 1.809070199815472790e+00 1.458143710008370064e+00 1.400834976669696141e+00 1.394825589788469600e+00 8.584392462100148445e-04 2.123660135389860868e-04 4.070058897156553679e-04 -1.991810197121097331e-03 -1.535082057954320275e-03 -1.911550437852982853e-04 1.456151899811249040e+00 1.399299894611741868e+00 1.394634434744684182e+00
8.000000000000000000e+01 2.028397256515157565e+00 1.743303284683646259e+00 1.742049456856477718e+00 1.460592599520619261e+00 1.399718088265391014e+00 1.404459076369043879e+00 -8.433984910494754733e-05 -2.126505186600566199e-05 -3.678446561447030479e-05 5.525297684308595877e-04 -2.972892394712065966e-04 3.981759255897681488e-04 1.461145129289049827e+00 1.399420799025919759e+00 1.404857252294633208e+00
8.250000000000000000e+01 2.057892722718881906e+00 1.791747089540476789e+00 1.788794138380276788e+00 1.447624507358622248e+00 1.387231317721246748e+00 1.393221075174538637e+00 -3.922234096469911352e-05 -9.707512472821251115e-06 -8.522417882836790827e-06 7.003435620457698803e-03 8.010514421634841453e-03 4.461250249606903660e-03 1.454627942979079824e+00 1.395241832142882332e+00 1.397682325424144612e+00
8.500000000000000000e+01 2.139893044457470417e+00 1.783924356704232883e+00 1.844845684739972347e+00 1.436474320679713257e+00 1.380222821607765438e+00 1.381315275333352410e+00 -8.611948544165325153e-06 -6.125347604760974325e-06 -1.241825054001420804e-05 4.893801060484591001e-03 2.595926718591858896e-03 2.810534384791034488e-03 1.441368121740197461e+00 1.382818748326356983e+00 1.384125809718143474e+00
8.750000000000000000e+01 2.104545289392924623e+00 1.813921354166131650e+00 1.778915961005829161e+00 1.445223873499313916e+00 1.372382242456777313e+00 1.364671615142156291e+00 0.000000000000000000e+00 0.000000000000000000e+00 0.000000000000000000e+00 -1.903419998169437945e-04 1.604664469658515858e-03 -5.983676896442693163e-05 1.445033531499497093e+00 1.373986906926435658e+00 1.364611778373191475e+00
9.000000000000000000e+01 2.103265424689331642e+00 1.766714514074836595e+00 1.768137466236676225e+00 1.421814661583723494e+00 1.352325963042062318e+00 1.353403029540366731e+00 0.000000000000000000e+00 0.000000000000000000e+00 0.000000000000000000e+00 -1.178043105563430538e-03 -8.067206893671307905e-04 -4.798586204851233500e-04 1.420636618478160029e+00 1.351519242352695160e+00 1.352923170919881679e+00
9.250000000000000000e+01 2.113874539404729802e+00 1.780559641383775871e+00 1.809045469627564184e+00 1.379207607533724289e+00 1.332849806677657289e+00 1.336133260231052944e+00 0.000000000000000000e+00 0.000000000000000000e+00 0.000000000000000000e+00 -1.059692402766407131e-03 -8.726784760420473568e-04 -1.358667405766091551e-03 1.378147915130957690e+00 1.331977128201615068e+00 1.334774592825286765e+00
9.500000000000000000e+01 2.134097257937589198e+00 1.808298115609010992e+00 1.805344799560176350e+00 1.330003747885854404e+00 1.289374709393439344e+00 1.285756817738260560e+00 0.000000000000000000e+00 0.000000000000000000e+00 0.000000000000000000e+00 -2.063584315841201101e-03 -1.161113050415793577e-03 -1.511466876613605428e-03 1.327940163570013432e+00 1.288213596343023459e+00 1.284245350861646706e+00
9.750000000000000000e+01 1.979912619306265054e+00 1.710781896093605869e+00 1.644351619515064922e+00 1.210411093821461836e+00 1.173994238824803027e+00 1.171561882054934722e+00 0.000000000000000000e+00 0.000000000000000000e+00 0.000000000000000000e+00 1.953177055472387919e-03 -3.072584643562084649e-04 6.820897918289789939e-04 1.212364270876934214e+00 1.173686980360446830e+00 1.172243971846763433e+00
